FILE	NUM_READS	READS_WITH_DUP	DUP_RATIO
10-Kapa-100ng-2_S10_L005_R1_001	25801617	1401641	0.0543238
10-Kapa-100ng-2_S10_L006_R1_001	25207432	1373021	0.0544689
10-Kapa-100ng-2_S10_L007_R1_001	24466845	1262147	0.051586
10-Kapa-100ng-2_S10_L008_R1_001	24319484	1294397	0.0532247
11-Kapa-100ng-3_S11_L005_R1_001	28058818	1513737	0.0539487
11-Kapa-100ng-3_S11_L006_R1_001	27342453	1480218	0.0541363
11-Kapa-100ng-3_S11_L007_R1_001	26530276	1362866	0.0513702
11-Kapa-100ng-3_S11_L008_R1_001	26361730	1391024	0.0527668
12-Kapa-100ng-4_S12_L005_R1_001	34703918	1881671	0.0542207
12-Kapa-100ng-4_S12_L006_R1_001	33879801	1845477	0.0544713
12-Kapa-100ng-4_S12_L007_R1_001	32891800	1695237	0.0515398
12-Kapa-100ng-4_S12_L008_R1_001	32627300	1729657	0.0530126
13-Kapa-10ng-1_S13_L005_R1_001	78043850	8342365	0.106893
13-Kapa-10ng-1_S13_L006_R1_001	78509844	8756381	0.111532
13-Kapa-10ng-1_S13_L007_R1_001	76468094	8333800	0.108984
13-Kapa-10ng-1_S13_L008_R1_001	75575070	8243582	0.109078
14-Kapa-10ng-2_S14_L005_R1_001	74480020	5322989	0.0714687
14-Kapa-10ng-2_S14_L006_R1_001	74447719	5410325	0.0726728
14-Kapa-10ng-2_S14_L007_R1_001	72432873	5095580	0.070349
14-Kapa-10ng-2_S14_L008_R1_001	71472148	5061282	0.0708147
15-Kapa-10ng-3_S15_L005_R1_001	50399419	7561910	0.15004
15-Kapa-10ng-3_S15_L006_R1_001	50695810	8097162	0.159721
15-Kapa-10ng-3_S15_L007_R1_001	49349587	7774677	0.157543
15-Kapa-10ng-3_S15_L008_R1_001	48666323	7623851	0.156656
16-Kapa-10ng-4_S16_L005_R1_001	65261697	5334604	0.0817417
16-Kapa-10ng-4_S16_L006_R1_001	65746273	5585241	0.0849514
16-Kapa-10ng-4_S16_L007_R1_001	64055365	5279800	0.0824256
16-Kapa-10ng-4_S16_L008_R1_001	63225723	5240217	0.0828811
25-Nextera-100ng-1_S1_L001_R1_001	46816322	1458609	0.031156
25-Nextera-100ng-1_S1_L002_R1_001	47451004	1383927	0.0291654
25-Nextera-100ng-1_S1_L003_R1_001	47306628	1379346	0.0291576
25-Nextera-100ng-1_S1_L004_R1_001	51225309	1521048	0.0296933
26-Nextera-100ng-2_S2_L001_R1_001	41837500	1396625	0.0333821
26-Nextera-100ng-2_S2_L002_R1_001	42795518	1331531	0.0311138
26-Nextera-100ng-2_S2_L003_R1_001	42844175	1344557	0.0313825
26-Nextera-100ng-2_S2_L004_R1_001	45618176	1408946	0.0308856
27-Nextera-100ng-3_S3_L001_R1_001	36267455	1103838	0.030436
27-Nextera-100ng-3_S3_L002_R1_001	36819085	1044143	0.0283587
27-Nextera-100ng-3_S3_L003_R1_001	36970518	1056014	0.0285637
27-Nextera-100ng-3_S3_L004_R1_001	38524244	1096092	0.028452
28-Nextera-100ng-4_S4_L001_R1_001	43207296	1293402	0.0299348
28-Nextera-100ng-4_S4_L002_R1_001	44146139	1251675	0.028353
28-Nextera-100ng-4_S4_L003_R1_001	44295376	1263154	0.0285166
28-Nextera-100ng-4_S4_L004_R1_001	46131973	1289341	0.027949
29-Nextera-10ng-1_S5_L001_R1_001	55521900	2019399	0.0363712
29-Nextera-10ng-1_S5_L002_R1_001	56103558	1893840	0.0337561
29-Nextera-10ng-1_S5_L003_R1_001	56368136	1917708	0.0340211
29-Nextera-10ng-1_S5_L004_R1_001	56625634	1788297	0.0315811
30-Nextera-10ng-2_S6_L001_R1_001	48886716	1941178	0.0397077
30-Nextera-10ng-2_S6_L002_R1_001	48805017	1785886	0.0365923
30-Nextera-10ng-2_S6_L003_R1_001	49146021	1817134	0.0369742
30-Nextera-10ng-2_S6_L004_R1_001	48558445	1638321	0.0337392
31-Nextera-10ng-3_S7_L001_R1_001	42621073	1450030	0.0340214
31-Nextera-10ng-3_S7_L002_R1_001	42800647	1332878	0.0311415
31-Nextera-10ng-3_S7_L003_R1_001	43201831	1364561	0.0315857
31-Nextera-10ng-3_S7_L004_R1_001	42259138	1213562	0.0287171
32-Nextera-10ng-4_S8_L001_R1_001	46342402	1678260	0.0362144
32-Nextera-10ng-4_S8_L002_R1_001	46257888	1539064	0.0332714
32-Nextera-10ng-4_S8_L003_R1_001	46482803	1553259	0.0334158
32-Nextera-10ng-4_S8_L004_R1_001	47031308	1520750	0.0323348
9-Kapa-100ng-1_S9_L005_R1_001	31110217	1663279	0.0534641
9-Kapa-100ng-1_S9_L006_R1_001	30584790	1654853	0.0541071
9-Kapa-100ng-1_S9_L007_R1_001	29716178	1523475	0.0512675
9-Kapa-100ng-1_S9_L008_R1_001	29502068	1555539	0.0527264
17-Quanta-100ng-1_S9_L005_R1_001	35272937	4006999	0.1136
17-Quanta-100ng-1_S9_L006_R1_001	35007004	3957671	0.113054
17-Quanta-100ng-1_S9_L007_R1_001	35049100	4184567	0.119392
17-Quanta-100ng-1_S9_L008_R1_001	34303740	3683143	0.107369
18-Quanta-100ng-2_S10_L005_R1_001	26314451	2667517	0.101371
18-Quanta-100ng-2_S10_L006_R1_001	26102191	2638465	0.101082
18-Quanta-100ng-2_S10_L007_R1_001	26112198	2770512	0.1061
18-Quanta-100ng-2_S10_L008_R1_001	25579054	2462550	0.0962721
19-Quanta-100ng-3_S11_L005_R1_001	38643937	4890859	0.126562
19-Quanta-100ng-3_S11_L006_R1_001	38173881	4795826	0.125631
19-Quanta-100ng-3_S11_L007_R1_001	38667791	5122924	0.132486
19-Quanta-100ng-3_S11_L008_R1_001	37180544	4485309	0.120636
20-Quanta-100ng-4_S12_L005_R1_001	24471218	2360748	0.0964704
20-Quanta-100ng-4_S12_L006_R1_001	24080687	2308258	0.0958552
20-Quanta-100ng-4_S12_L007_R1_001	24480096	2490587	0.101739
20-Quanta-100ng-4_S12_L008_R1_001	23409807	2124719	0.0907619
21-Quanta-10ng-1_S13_L005_R1_001	84308754	9837621	0.116686
21-Quanta-10ng-1_S13_L006_R1_001	82203875	9679379	0.117748
21-Quanta-10ng-1_S13_L007_R1_001	86276650	10374975	0.120252
21-Quanta-10ng-1_S13_L008_R1_001	79912882	9061136	0.113388
22-Quanta-10ng-2_S14_L005_R1_001	70012120	6486374	0.0926464
22-Quanta-10ng-2_S14_L006_R1_001	68075076	6360251	0.09343
22-Quanta-10ng-2_S14_L007_R1_001	71587704	6911709	0.0965488
22-Quanta-10ng-2_S14_L008_R1_001	66256177	5919670	0.0893452
23-Quanta-10ng-3_S15_L005_R1_001	77685031	7789070	0.100265
23-Quanta-10ng-3_S15_L006_R1_001	76259714	7774900	0.101953
23-Quanta-10ng-3_S15_L007_R1_001	78686789	8157158	0.103666
23-Quanta-10ng-3_S15_L008_R1_001	74400978	7282507	0.0978819
24-Quanta-10ng-4_S16_L005_R1_001	79889801	7420842	0.0928885
24-Quanta-10ng-4_S16_L006_R1_001	77545839	7243107	0.0934042
24-Quanta-10ng-4_S16_L007_R1_001	81549019	7831991	0.0960403
24-Quanta-10ng-4_S16_L008_R1_001	75252034	6726279	0.0893834
33-NEB-100ng-1_S1_L001_R1_001	62481090	2613348	0.0418262
33-NEB-100ng-1_S1_L002_R1_001	61812287	2736130	0.0442651
33-NEB-100ng-1_S1_L003_R1_001	63583479	2499018	0.0393029
33-NEB-100ng-1_S1_L004_R1_001	63292860	2617275	0.0413518
34-NEB-100ng-2_S2_L001_R1_001	49056457	2356887	0.0480444
34-NEB-100ng-2_S2_L002_R1_001	48699062	2466453	0.0506468
34-NEB-100ng-2_S2_L003_R1_001	49811733	2258517	0.0453411
34-NEB-100ng-2_S2_L004_R1_001	49712584	2370752	0.0476892
35-NEB-100ng-3_S3_L001_R1_001	46768704	2187367	0.0467699
35-NEB-100ng-3_S3_L002_R1_001	46373198	2298666	0.0495688
35-NEB-100ng-3_S3_L003_R1_001	47501340	2086546	0.043926
35-NEB-100ng-3_S3_L004_R1_001	47263983	2181215	0.0461496
36-NEB-100ng-4_S4_L001_R1_001	44842216	2216634	0.0494319
36-NEB-100ng-4_S4_L002_R1_001	44458808	2330878	0.0524278
36-NEB-100ng-4_S4_L003_R1_001	45590587	2128996	0.0466981
36-NEB-100ng-4_S4_L004_R1_001	45454135	2230580	0.0490732
37-NEB-10ng-1_S5_L001_R1_001	45548767	2002189	0.043957
37-NEB-10ng-1_S5_L002_R1_001	45135910	2110187	0.0467518
37-NEB-10ng-1_S5_L003_R1_001	46413280	1941929	0.0418399
37-NEB-10ng-1_S5_L004_R1_001	45920009	2008081	0.04373
38-NEB-10ng-2_S6_L001_R1_001	48592672	2052246	0.0422337
38-NEB-10ng-2_S6_L002_R1_001	48051559	2165309	0.0450622
38-NEB-10ng-2_S6_L003_R1_001	49761450	1989192	0.0399746
38-NEB-10ng-2_S6_L004_R1_001	49103170	2057793	0.0419075
39-NEB-10ng-3_S7_L001_R1_001	57119502	2456429	0.0430051
39-NEB-10ng-3_S7_L002_R1_001	56618325	2579660	0.0455623
39-NEB-10ng-3_S7_L003_R1_001	58371756	2376417	0.0407118
39-NEB-10ng-3_S7_L004_R1_001	57623638	2451746	0.0425476
40-NEB-10ng-4_S8_L001_R1_001	51032293	2326210	0.0455831
40-NEB-10ng-4_S8_L002_R1_001	50523278	2435351	0.0482026
40-NEB-10ng-4_S8_L003_R1_001	52079851	2258907	0.0433739
40-NEB-10ng-4_S8_L004_R1_001	51612451	2347545	0.0454841
1-Swift2S-100ng-1_S5_L005_R1_001	56004333	5052510	0.0902164
1-Swift2S-100ng-1_S5_L006_R1_001	56556213	5059656	0.0894624
1-Swift2S-100ng-1_S5_L007_R1_001	55783639	4904683	0.0879233
1-Swift2S-100ng-1_S5_L008_R1_001	55927755	4806181	0.0859355
2-Swift2S-100ng-2_S6_L005_R1_001	42285519	6860495	0.162242
2-Swift2S-100ng-2_S6_L006_R1_001	42661919	6807423	0.159567
2-Swift2S-100ng-2_S6_L007_R1_001	42057726	6757977	0.160683
2-Swift2S-100ng-2_S6_L008_R1_001	41890051	6493407	0.155011
3-Swift2S-100ng-3_S7_L005_R1_001	40186078	2783397	0.0692627
3-Swift2S-100ng-3_S7_L006_R1_001	40685342	2782234	0.0683842
3-Swift2S-100ng-3_S7_L007_R1_001	39823754	2673308	0.0671285
3-Swift2S-100ng-3_S7_L008_R1_001	39950264	2568303	0.0642875
4-Swift2S-100ng-4_S8_L005_R1_001	52765214	4153191	0.0787108
4-Swift2S-100ng-4_S8_L006_R1_001	53640073	4192978	0.0781688
4-Swift2S-100ng-4_S8_L007_R1_001	52569441	4003634	0.076159
4-Swift2S-100ng-4_S8_L008_R1_001	53138532	3934703	0.0740461
5-Swift2S-10ng-1_S12_L005_R1_001	48679800	4284939	0.0880229
5-Swift2S-10ng-1_S12_L006_R1_001	46534099	4005653	0.08608
5-Swift2S-10ng-1_S12_L007_R1_001	48519039	4108426	0.0846766
5-Swift2S-10ng-1_S12_L008_R1_001	43291938	3471667	0.080192
6-Swift2S-10ng-2_S9_L005_R1_001	51184984	3926968	0.0767211
6-Swift2S-10ng-2_S9_L006_R1_001	48962227	3641933	0.0743825
6-Swift2S-10ng-2_S9_L007_R1_001	51021990	3751848	0.0735339
6-Swift2S-10ng-2_S9_L008_R1_001	45460114	3111243	0.068439
7-Swift2S-10ng-3_S10_L005_R1_001	59482133	4746459	0.0797964
7-Swift2S-10ng-3_S10_L006_R1_001	56693629	4370720	0.0770937
7-Swift2S-10ng-3_S10_L007_R1_001	59123889	4521733	0.076479
7-Swift2S-10ng-3_S10_L008_R1_001	52352349	3705431	0.0707787
8-Swift2S-10ng-4_S11_L005_R1_001	57683918	4334168	0.0751365
8-Swift2S-10ng-4_S11_L006_R1_001	54975138	3984673	0.0724814
8-Swift2S-10ng-4_S11_L007_R1_001	57372412	4128483	0.0719594
8-Swift2S-10ng-4_S11_L008_R1_001	50957398	3385260	0.0664331
1-Swiftlong-10ng-1_S40_L005_R1_001	48982907	1787573	0.0364938
1-Swiftlong-10ng-1_S40_L006_R1_001	49197286	1837555	0.0373507
1-Swiftlong-10ng-1_S40_L007_R1_001	50248143	1701205	0.0338561
1-Swiftlong-10ng-1_S40_L008_R1_001	47973498	1264344	0.0263551
2-Swiftlong-10ng-2_S41_L005_R1_001	53031603	1617391	0.0304986
2-Swiftlong-10ng-2_S41_L006_R1_001	53327973	1668693	0.0312911
2-Swiftlong-10ng-2_S41_L007_R1_001	54454907	1529218	0.0280823
2-Swiftlong-10ng-2_S41_L008_R1_001	51807558	1120750	0.0216329
3-Swiftlong-10ng-3_S42_L005_R1_001	44175740	1000118	0.0226395
3-Swiftlong-10ng-3_S42_L006_R1_001	44535985	1039128	0.0233323
3-Swiftlong-10ng-3_S42_L007_R1_001	44938609	959797	0.021358
3-Swiftlong-10ng-3_S42_L008_R1_001	43223076	701212	0.0162231
4-Swiftlong-10ng-4_S43_L005_R1_001	54996988	1674289	0.0304433
4-Swiftlong-10ng-4_S43_L006_R1_001	55369773	1726158	0.0311751
4-Swiftlong-10ng-4_S43_L007_R1_001	56521435	1581216	0.0279755
4-Swiftlong-10ng-4_S43_L008_R1_001	53695303	1158577	0.0215769
5-Swiftlong-100ng-1_S44_L005_R1_001	22653870	940702	0.041525
5-Swiftlong-100ng-1_S44_L006_R1_001	22874106	965712	0.0422186
5-Swiftlong-100ng-1_S44_L007_R1_001	22595939	868855	0.0384518
5-Swiftlong-100ng-1_S44_L008_R1_001	21940094	648279	0.0295477
6-Swiftlong-100ng-2_S45_L005_R1_001	16990157	581644	0.0342342
6-Swiftlong-100ng-2_S45_L006_R1_001	17197286	599724	0.0348732
6-Swiftlong-100ng-2_S45_L007_R1_001	16773839	523246	0.0311942
6-Swiftlong-100ng-2_S45_L008_R1_001	16466766	386240	0.0234557
7-Swiftlong-100ng-3_S46_L005_R1_001	15228108	498997	0.0327682
7-Swiftlong-100ng-3_S46_L006_R1_001	15390851	511412	0.0332283
7-Swiftlong-100ng-3_S46_L007_R1_001	14948128	448927	0.0300323
7-Swiftlong-100ng-3_S46_L008_R1_001	14732991	334593	0.0227105
8-Swiftlong-100ng-4_S47_L005_R1_001	21504791	658801	0.0306351
8-Swiftlong-100ng-4_S47_L006_R1_001	21701008	678445	0.0312633
8-Swiftlong-100ng-4_S47_L007_R1_001	21336624	608753	0.0285309
8-Swiftlong-100ng-4_S47_L008_R1_001	20739597	448456	0.0216232
