Sample	FastQC_mqc-generalstats-fastqc-percent_gc	FastQC_mqc-generalstats-fastqc-percent_fails	FastQC_mqc-generalstats-fastqc-total_sequences	FastQC_mqc-generalstats-fastqc-avg_sequence_length	FastQC_mqc-generalstats-fastqc-percent_duplicates
1-Swift2S-100ng-1_S5_L005_R1_001	42.0	25.0	56004333.0	151.0	10.542881572628247
1-Swift2S-100ng-1_S5_L005_R2_001	42.0	25.0	56004333.0	151.0	9.728185491350104
1-Swift2S-100ng-1_S5_L006_R1_001	42.0	25.0	56556213.0	151.0	10.0368975444769
1-Swift2S-100ng-1_S5_L006_R2_001	42.0	25.0	56556213.0	151.0	9.219621215739963
1-Swift2S-100ng-1_S5_L007_R1_001	42.0	25.0	55783639.0	151.0	9.497040765408343
1-Swift2S-100ng-1_S5_L007_R2_001	42.0	25.0	55783639.0	151.0	8.210823976370293
1-Swift2S-100ng-1_S5_L008_R1_001	42.0	25.0	55927755.0	151.0	9.075825179544296
1-Swift2S-100ng-1_S5_L008_R2_001	42.0	25.0	55927755.0	151.0	8.806422367238511
10-Kapa-100ng-2_S10_L005_R1_001	41.0	8.333333333333332	25801617.0	151.0	6.255662174456219
10-Kapa-100ng-2_S10_L005_R2_001	41.0	16.666666666666664	25801617.0	151.0	5.285011741051619
10-Kapa-100ng-2_S10_L006_R1_001	41.0	8.333333333333332	25207432.0	151.0	6.468206983348821
10-Kapa-100ng-2_S10_L006_R2_001	42.0	16.666666666666664	25207432.0	151.0	4.954503948141792
10-Kapa-100ng-2_S10_L007_R1_001	41.0	16.666666666666664	24466845.0	151.0	6.054562634628724
10-Kapa-100ng-2_S10_L007_R2_001	42.0	16.666666666666664	24466845.0	151.0	4.710813604410191
10-Kapa-100ng-2_S10_L008_R1_001	41.0	16.666666666666664	24319484.0	151.0	5.71365856963827
10-Kapa-100ng-2_S10_L008_R2_001	42.0	16.666666666666664	24319484.0	151.0	5.401141078697236
11-Kapa-100ng-3_S11_L005_R1_001	41.0	16.666666666666664	28058818.0	151.0	6.5234959416876706
11-Kapa-100ng-3_S11_L005_R2_001	42.0	16.666666666666664	28058818.0	151.0	5.427273659762562
11-Kapa-100ng-3_S11_L006_R1_001	41.0	8.333333333333332	27342453.0	151.0	6.584009908373929
11-Kapa-100ng-3_S11_L006_R2_001	42.0	16.666666666666664	27342453.0	151.0	5.188365029914493
11-Kapa-100ng-3_S11_L007_R1_001	41.0	16.666666666666664	26530276.0	151.0	6.4503763528360025
11-Kapa-100ng-3_S11_L007_R2_001	42.0	16.666666666666664	26530276.0	151.0	5.094375815521431
11-Kapa-100ng-3_S11_L008_R1_001	41.0	16.666666666666664	26361730.0	151.0	5.944848881058121
11-Kapa-100ng-3_S11_L008_R2_001	42.0	16.666666666666664	26361730.0	151.0	5.710391093006081
12-Kapa-100ng-4_S12_L005_R1_001	41.0	16.666666666666664	34703918.0	151.0	6.5689613110554035
12-Kapa-100ng-4_S12_L005_R2_001	41.0	16.666666666666664	34703918.0	151.0	5.592055474812582
12-Kapa-100ng-4_S12_L006_R1_001	41.0	8.333333333333332	33879801.0	151.0	6.664189786430754
12-Kapa-100ng-4_S12_L006_R2_001	41.0	16.666666666666664	33879801.0	151.0	5.236203866956714
12-Kapa-100ng-4_S12_L007_R1_001	41.0	16.666666666666664	32891800.0	151.0	6.230784347575678
12-Kapa-100ng-4_S12_L007_R2_001	41.0	16.666666666666664	32891800.0	151.0	5.195574182349333
12-Kapa-100ng-4_S12_L008_R1_001	41.0	16.666666666666664	32627300.0	151.0	5.797808956034999
12-Kapa-100ng-4_S12_L008_R2_001	41.0	16.666666666666664	32627300.0	151.0	5.599736149907329
13-Kapa-10ng-1_S13_L005_R1_001	42.0	25.0	78043850.0	151.0	13.95555188939501
13-Kapa-10ng-1_S13_L005_R2_001	42.0	25.0	78043850.0	151.0	13.178542694205262
13-Kapa-10ng-1_S13_L006_R1_001	42.0	25.0	78509844.0	151.0	14.707855825803819
13-Kapa-10ng-1_S13_L006_R2_001	42.0	25.0	78509844.0	151.0	13.746637165241665
13-Kapa-10ng-1_S13_L007_R1_001	42.0	25.0	76468094.0	151.0	14.261144840775287
13-Kapa-10ng-1_S13_L007_R2_001	42.0	25.0	76468094.0	151.0	13.227657921279928
13-Kapa-10ng-1_S13_L008_R1_001	42.0	25.0	75575070.0	151.0	13.721008566472108
13-Kapa-10ng-1_S13_L008_R2_001	42.0	25.0	75575070.0	151.0	13.386277284674549
14-Kapa-10ng-2_S14_L005_R1_001	42.0	25.0	74480020.0	151.0	10.374311174730224
14-Kapa-10ng-2_S14_L005_R2_001	42.0	25.0	74480020.0	151.0	9.609978978181857
14-Kapa-10ng-2_S14_L006_R1_001	42.0	25.0	74447719.0	151.0	10.781018731593818
14-Kapa-10ng-2_S14_L006_R2_001	43.0	25.0	74447719.0	151.0	9.911476911494148
14-Kapa-10ng-2_S14_L007_R1_001	42.0	25.0	72432873.0	151.0	10.375480996981977
14-Kapa-10ng-2_S14_L007_R2_001	43.0	25.0	72432873.0	151.0	9.44243415665899
14-Kapa-10ng-2_S14_L008_R1_001	42.0	25.0	71472148.0	151.0	9.864455588570806
14-Kapa-10ng-2_S14_L008_R2_001	42.0	25.0	71472148.0	151.0	9.59348972349278
15-Kapa-10ng-3_S15_L005_R1_001	43.0	25.0	50399419.0	151.0	18.231750865233792
15-Kapa-10ng-3_S15_L005_R2_001	43.0	25.0	50399419.0	151.0	17.041304316094212
15-Kapa-10ng-3_S15_L006_R1_001	43.0	33.33333333333333	50695810.0	151.0	19.481003630163457
15-Kapa-10ng-3_S15_L006_R2_001	43.0	33.33333333333333	50695810.0	151.0	18.156098059497396
15-Kapa-10ng-3_S15_L007_R1_001	43.0	33.33333333333333	49349587.0	151.0	19.191410643610425
15-Kapa-10ng-3_S15_L007_R2_001	43.0	33.33333333333333	49349587.0	151.0	18.027648486506948
15-Kapa-10ng-3_S15_L008_R1_001	43.0	25.0	48666323.0	151.0	18.457358764765857
15-Kapa-10ng-3_S15_L008_R2_001	43.0	33.33333333333333	48666323.0	151.0	17.880203885272635
16-Kapa-10ng-4_S16_L005_R1_001	42.0	25.0	65261697.0	151.0	11.332551611752933
16-Kapa-10ng-4_S16_L005_R2_001	42.0	25.0	65261697.0	151.0	10.291034983777365
16-Kapa-10ng-4_S16_L006_R1_001	42.0	25.0	65746273.0	151.0	11.793449103807305
16-Kapa-10ng-4_S16_L006_R2_001	42.0	25.0	65746273.0	151.0	10.718075556691858
16-Kapa-10ng-4_S16_L007_R1_001	42.0	25.0	64055365.0	151.0	11.376070303128316
16-Kapa-10ng-4_S16_L007_R2_001	42.0	25.0	64055365.0	151.0	10.088400656747595
16-Kapa-10ng-4_S16_L008_R1_001	42.0	25.0	63225723.0	151.0	10.819989490663644
16-Kapa-10ng-4_S16_L008_R2_001	42.0	25.0	63225723.0	151.0	10.355069072800788
17-Quanta-100ng-1_S9_L005_R1_001	41.0	33.33333333333333	35272937.0	151.0	10.382258297466663
17-Quanta-100ng-1_S9_L005_R2_001	41.0	33.33333333333333	35272937.0	151.0	8.93429755517542
17-Quanta-100ng-1_S9_L006_R1_001	41.0	41.66666666666667	35007004.0	151.0	10.226225715909294
17-Quanta-100ng-1_S9_L006_R2_001	41.0	33.33333333333333	35007004.0	151.0	8.756047804580774
17-Quanta-100ng-1_S9_L007_R1_001	41.0	33.33333333333333	35049100.0	151.0	10.563458921117146
17-Quanta-100ng-1_S9_L007_R2_001	41.0	33.33333333333333	35049100.0	151.0	8.500698533602929
17-Quanta-100ng-1_S9_L008_R1_001	41.0	33.33333333333333	34303740.0	151.0	9.876785568982243
17-Quanta-100ng-1_S9_L008_R2_001	41.0	41.66666666666667	34303740.0	151.0	8.302517202704081
18-Quanta-100ng-2_S10_L005_R1_001	42.0	33.33333333333333	26314451.0	151.0	9.501356727968968
18-Quanta-100ng-2_S10_L005_R2_001	42.0	25.0	26314451.0	151.0	8.135160181043716
18-Quanta-100ng-2_S10_L006_R1_001	42.0	41.66666666666667	26102191.0	151.0	9.22100941049861
18-Quanta-100ng-2_S10_L006_R2_001	42.0	25.0	26102191.0	151.0	8.032543953433247
18-Quanta-100ng-2_S10_L007_R1_001	42.0	33.33333333333333	26112198.0	151.0	9.7320355265268
18-Quanta-100ng-2_S10_L007_R2_001	42.0	25.0	26112198.0	151.0	7.481045953231188
18-Quanta-100ng-2_S10_L008_R1_001	42.0	33.33333333333333	25579054.0	151.0	9.085229835184307
18-Quanta-100ng-2_S10_L008_R2_001	42.0	33.33333333333333	25579054.0	151.0	7.361257583267275
19-Quanta-100ng-3_S11_L005_R1_001	41.0	33.33333333333333	38643937.0	151.0	12.235754290491585
19-Quanta-100ng-3_S11_L005_R2_001	42.0	33.33333333333333	38643937.0	151.0	10.639249159889047
19-Quanta-100ng-3_S11_L006_R1_001	41.0	41.66666666666667	38173881.0	151.0	11.874779777328328
19-Quanta-100ng-3_S11_L006_R2_001	42.0	33.33333333333333	38173881.0	151.0	10.303360421919407
19-Quanta-100ng-3_S11_L007_R1_001	41.0	33.33333333333333	38667791.0	151.0	12.254510975466246
19-Quanta-100ng-3_S11_L007_R2_001	42.0	33.33333333333333	38667791.0	151.0	10.247791677879576
19-Quanta-100ng-3_S11_L008_R1_001	41.0	33.33333333333333	37180544.0	151.0	11.896715584987476
19-Quanta-100ng-3_S11_L008_R2_001	42.0	41.66666666666667	37180544.0	151.0	10.321652332854654
2-Swift2S-100ng-2_S6_L005_R1_001	42.0	33.33333333333333	42285519.0	151.0	17.636967527930693
2-Swift2S-100ng-2_S6_L005_R2_001	42.0	25.0	42285519.0	151.0	16.75036514473433
2-Swift2S-100ng-2_S6_L006_R1_001	42.0	33.33333333333333	42661919.0	151.0	17.25648996902575
2-Swift2S-100ng-2_S6_L006_R2_001	42.0	25.0	42661919.0	151.0	16.477784024720407
2-Swift2S-100ng-2_S6_L007_R1_001	42.0	33.33333333333333	42057726.0	151.0	17.02486490382509
2-Swift2S-100ng-2_S6_L007_R2_001	42.0	25.0	42057726.0	151.0	15.218323579333315
2-Swift2S-100ng-2_S6_L008_R1_001	42.0	33.33333333333333	41890051.0	151.0	16.33372926833725
2-Swift2S-100ng-2_S6_L008_R2_001	42.0	25.0	41890051.0	151.0	15.916417164400428
20-Quanta-100ng-4_S12_L005_R1_001	42.0	33.33333333333333	24471218.0	151.0	9.245514062528414
20-Quanta-100ng-4_S12_L005_R2_001	42.0	33.33333333333333	24471218.0	151.0	7.804630186407934
20-Quanta-100ng-4_S12_L006_R1_001	42.0	41.66666666666667	24080687.0	151.0	8.897172435293683
20-Quanta-100ng-4_S12_L006_R2_001	42.0	33.33333333333333	24080687.0	151.0	7.501808164920334
20-Quanta-100ng-4_S12_L007_R1_001	42.0	33.33333333333333	24480096.0	151.0	9.350223329269667
20-Quanta-100ng-4_S12_L007_R2_001	42.0	33.33333333333333	24480096.0	151.0	7.1748254574631005
20-Quanta-100ng-4_S12_L008_R1_001	42.0	33.33333333333333	23409807.0	151.0	8.696594489570515
20-Quanta-100ng-4_S12_L008_R2_001	42.0	41.66666666666667	23409807.0	151.0	6.7680096715724005
21-Quanta-10ng-1_S13_L005_R1_001	42.0	33.33333333333333	84308754.0	151.0	14.03070522891386
21-Quanta-10ng-1_S13_L005_R2_001	42.0	33.33333333333333	84308754.0	151.0	13.47820055999371
21-Quanta-10ng-1_S13_L006_R1_001	42.0	41.66666666666667	82203875.0	151.0	13.732710285136989
21-Quanta-10ng-1_S13_L006_R2_001	42.0	33.33333333333333	82203875.0	151.0	13.423621849061277
21-Quanta-10ng-1_S13_L007_R1_001	42.0	33.33333333333333	86276650.0	151.0	14.05677326811788
21-Quanta-10ng-1_S13_L007_R2_001	42.0	33.33333333333333	86276650.0	151.0	12.900696138630636
21-Quanta-10ng-1_S13_L008_R1_001	42.0	33.33333333333333	79912882.0	151.0	13.826042946306899
21-Quanta-10ng-1_S13_L008_R2_001	42.0	41.66666666666667	79912882.0	151.0	12.73367385383807
22-Quanta-10ng-2_S14_L005_R1_001	41.0	25.0	70012120.0	151.0	11.625919854038713
22-Quanta-10ng-2_S14_L005_R2_001	41.0	25.0	70012120.0	151.0	11.088013517385903
22-Quanta-10ng-2_S14_L006_R1_001	41.0	33.33333333333333	68075076.0	151.0	11.436456093402043
22-Quanta-10ng-2_S14_L006_R2_001	41.0	25.0	68075076.0	151.0	11.02784136209901
22-Quanta-10ng-2_S14_L007_R1_001	41.0	25.0	71587704.0	151.0	11.870394805007138
22-Quanta-10ng-2_S14_L007_R2_001	41.0	25.0	71587704.0	151.0	10.682022261453127
22-Quanta-10ng-2_S14_L008_R1_001	41.0	25.0	66256177.0	151.0	11.630379099738448
22-Quanta-10ng-2_S14_L008_R2_001	41.0	33.33333333333333	66256177.0	151.0	10.704390175141697
23-Quanta-10ng-3_S15_L005_R1_001	41.0	16.666666666666664	77685031.0	151.0	12.143354652190752
23-Quanta-10ng-3_S15_L005_R2_001	42.0	25.0	77685031.0	151.0	11.49146415710338
23-Quanta-10ng-3_S15_L006_R1_001	41.0	33.33333333333333	76259714.0	151.0	12.02883989054267
23-Quanta-10ng-3_S15_L006_R2_001	42.0	25.0	76259714.0	151.0	11.523679383826405
23-Quanta-10ng-3_S15_L007_R1_001	41.0	16.666666666666664	78686789.0	151.0	12.349539495717593
23-Quanta-10ng-3_S15_L007_R2_001	42.0	25.0	78686789.0	151.0	11.01119490268411
23-Quanta-10ng-3_S15_L008_R1_001	41.0	25.0	74400978.0	151.0	12.222633116245305
23-Quanta-10ng-3_S15_L008_R2_001	42.0	33.33333333333333	74400978.0	151.0	11.13712908766496
24-Quanta-10ng-4_S16_L005_R1_001	41.0	25.0	79889801.0	151.0	12.206698355329522
24-Quanta-10ng-4_S16_L005_R2_001	41.0	25.0	79889801.0	151.0	11.479390760915123
24-Quanta-10ng-4_S16_L006_R1_001	41.0	33.33333333333333	77545839.0	151.0	11.841643897464706
24-Quanta-10ng-4_S16_L006_R2_001	41.0	25.0	77545839.0	151.0	11.380661236283757
24-Quanta-10ng-4_S16_L007_R1_001	41.0	25.0	81549019.0	151.0	12.435106751287861
24-Quanta-10ng-4_S16_L007_R2_001	41.0	25.0	81549019.0	151.0	11.175287758086355
24-Quanta-10ng-4_S16_L008_R1_001	41.0	25.0	75252034.0	151.0	11.829964524399529
24-Quanta-10ng-4_S16_L008_R2_001	41.0	33.33333333333333	75252034.0	151.0	10.756506056773844
25-Nextera-100ng-1_S1_L001_R1_001	40.0	16.666666666666664	46816322.0	151.0	8.699960425049298
25-Nextera-100ng-1_S1_L001_R2_001	41.0	16.666666666666664	46816322.0	151.0	7.379084790773092
25-Nextera-100ng-1_S1_L002_R1_001	41.0	16.666666666666664	47451004.0	151.0	8.774638484194725
25-Nextera-100ng-1_S1_L002_R2_001	41.0	16.666666666666664	47451004.0	151.0	6.909774807483117
25-Nextera-100ng-1_S1_L003_R1_001	41.0	25.0	47306628.0	151.0	8.658203267730684
25-Nextera-100ng-1_S1_L003_R2_001	41.0	16.666666666666664	47306628.0	151.0	5.240502016564591
25-Nextera-100ng-1_S1_L004_R1_001	41.0	16.666666666666664	51225309.0	151.0	9.118194067390519
25-Nextera-100ng-1_S1_L004_R2_001	41.0	16.666666666666664	51225309.0	151.0	8.285482570821728
26-Nextera-100ng-2_S2_L001_R1_001	40.0	16.666666666666664	41837500.0	151.0	8.37397858347984
26-Nextera-100ng-2_S2_L001_R2_001	41.0	16.666666666666664	41837500.0	151.0	6.706326858289017
26-Nextera-100ng-2_S2_L002_R1_001	40.0	16.666666666666664	42795518.0	151.0	8.512476129976918
26-Nextera-100ng-2_S2_L002_R2_001	41.0	16.666666666666664	42795518.0	151.0	6.420253834613931
26-Nextera-100ng-2_S2_L003_R1_001	40.0	25.0	42844175.0	151.0	8.409337265888155
26-Nextera-100ng-2_S2_L003_R2_001	41.0	16.666666666666664	42844175.0	151.0	4.8081513174647625
26-Nextera-100ng-2_S2_L004_R1_001	41.0	16.666666666666664	45618176.0	151.0	9.020154949657424
26-Nextera-100ng-2_S2_L004_R2_001	41.0	16.666666666666664	45618176.0	151.0	7.723326481852197
27-Nextera-100ng-3_S3_L001_R1_001	41.0	16.666666666666664	36267455.0	151.0	7.67185701638661
27-Nextera-100ng-3_S3_L001_R2_001	41.0	16.666666666666664	36267455.0	151.0	5.656719650194134
27-Nextera-100ng-3_S3_L002_R1_001	41.0	16.666666666666664	36819085.0	151.0	7.8803310684329375
27-Nextera-100ng-3_S3_L002_R2_001	41.0	16.666666666666664	36819085.0	151.0	5.5041607558781465
27-Nextera-100ng-3_S3_L003_R1_001	41.0	25.0	36970518.0	151.0	7.974467159615628
27-Nextera-100ng-3_S3_L003_R2_001	41.0	16.666666666666664	36970518.0	151.0	4.120152567321384
27-Nextera-100ng-3_S3_L004_R1_001	41.0	16.666666666666664	38524244.0	151.0	7.939536395333334
27-Nextera-100ng-3_S3_L004_R2_001	41.0	16.666666666666664	38524244.0	151.0	6.6970007754917305
28-Nextera-100ng-4_S4_L001_R1_001	41.0	16.666666666666664	43207296.0	151.0	8.273536025755021
28-Nextera-100ng-4_S4_L001_R2_001	41.0	16.666666666666664	43207296.0	151.0	5.956314216888316
28-Nextera-100ng-4_S4_L002_R1_001	41.0	16.666666666666664	44146139.0	151.0	8.348179142815042
28-Nextera-100ng-4_S4_L002_R2_001	41.0	16.666666666666664	44146139.0	151.0	5.567745024839411
28-Nextera-100ng-4_S4_L003_R1_001	41.0	25.0	44295376.0	151.0	8.38376444619854
28-Nextera-100ng-4_S4_L003_R2_001	41.0	16.666666666666664	44295376.0	151.0	4.005457400791087
28-Nextera-100ng-4_S4_L004_R1_001	41.0	16.666666666666664	46131973.0	151.0	8.484106335947047
28-Nextera-100ng-4_S4_L004_R2_001	41.0	16.666666666666664	46131973.0	151.0	6.937394181642958
29-Nextera-10ng-1_S5_L001_R1_001	40.0	16.666666666666664	55521900.0	151.0	9.517602035126657
29-Nextera-10ng-1_S5_L001_R2_001	41.0	16.666666666666664	55521900.0	151.0	8.506625160659752
29-Nextera-10ng-1_S5_L002_R1_001	40.0	16.666666666666664	56103558.0	151.0	9.58122023845823
29-Nextera-10ng-1_S5_L002_R2_001	41.0	16.666666666666664	56103558.0	151.0	8.150998448835125
29-Nextera-10ng-1_S5_L003_R1_001	40.0	25.0	56368136.0	151.0	9.8141047718006
29-Nextera-10ng-1_S5_L003_R2_001	41.0	16.666666666666664	56368136.0	151.0	6.859220484398676
29-Nextera-10ng-1_S5_L004_R1_001	41.0	16.666666666666664	56625634.0	151.0	9.673022762093638
29-Nextera-10ng-1_S5_L004_R2_001	41.0	16.666666666666664	56625634.0	151.0	9.00049710249614
3-Swift2S-100ng-3_S7_L005_R1_001	42.0	16.666666666666664	40186078.0	151.0	7.9680357646570315
3-Swift2S-100ng-3_S7_L005_R2_001	42.0	16.666666666666664	40186078.0	151.0	7.2222911458830765
3-Swift2S-100ng-3_S7_L006_R1_001	42.0	16.666666666666664	40685342.0	151.0	7.443890028369665
3-Swift2S-100ng-3_S7_L006_R2_001	42.0	16.666666666666664	40685342.0	151.0	6.855481918513291
3-Swift2S-100ng-3_S7_L007_R1_001	42.0	16.666666666666664	39823754.0	151.0	6.922945899986928
3-Swift2S-100ng-3_S7_L007_R2_001	42.0	16.666666666666664	39823754.0	151.0	5.46525283277947
3-Swift2S-100ng-3_S7_L008_R1_001	42.0	16.666666666666664	39950264.0	151.0	6.661775714301115
3-Swift2S-100ng-3_S7_L008_R2_001	42.0	16.666666666666664	39950264.0	151.0	6.343873929261548
30-Nextera-10ng-2_S6_L001_R1_001	40.0	16.666666666666664	48886716.0	151.0	9.400861872412648
30-Nextera-10ng-2_S6_L001_R2_001	40.0	16.666666666666664	48886716.0	151.0	8.074396906630156
30-Nextera-10ng-2_S6_L002_R1_001	40.0	16.666666666666664	48805017.0	151.0	9.490375656836505
30-Nextera-10ng-2_S6_L002_R2_001	40.0	16.666666666666664	48805017.0	151.0	7.492891002101771
30-Nextera-10ng-2_S6_L003_R1_001	40.0	25.0	49146021.0	151.0	9.412621938365945
30-Nextera-10ng-2_S6_L003_R2_001	40.0	16.666666666666664	49146021.0	151.0	6.166832167458793
30-Nextera-10ng-2_S6_L004_R1_001	40.0	16.666666666666664	48558445.0	151.0	9.667055225777105
30-Nextera-10ng-2_S6_L004_R2_001	40.0	16.666666666666664	48558445.0	151.0	8.520952007602176
31-Nextera-10ng-3_S7_L001_R1_001	40.0	16.666666666666664	42621073.0	151.0	8.596107901071164
31-Nextera-10ng-3_S7_L001_R2_001	41.0	16.666666666666664	42621073.0	151.0	7.024208567749653
31-Nextera-10ng-3_S7_L002_R1_001	40.0	16.666666666666664	42800647.0	151.0	8.552135043606341
31-Nextera-10ng-3_S7_L002_R2_001	41.0	16.666666666666664	42800647.0	151.0	6.418321946649641
31-Nextera-10ng-3_S7_L003_R1_001	40.0	25.0	43201831.0	151.0	8.619561065068353
31-Nextera-10ng-3_S7_L003_R2_001	41.0	16.666666666666664	43201831.0	151.0	5.142128834484325
31-Nextera-10ng-3_S7_L004_R1_001	41.0	16.666666666666664	42259138.0	151.0	8.605641594260874
31-Nextera-10ng-3_S7_L004_R2_001	41.0	16.666666666666664	42259138.0	151.0	7.598378506931695
32-Nextera-10ng-4_S8_L001_R1_001	40.0	16.666666666666664	46342402.0	151.0	9.086317924770356
32-Nextera-10ng-4_S8_L001_R2_001	41.0	16.666666666666664	46342402.0	151.0	8.05764134252506
32-Nextera-10ng-4_S8_L002_R1_001	40.0	16.666666666666664	46257888.0	151.0	8.942033231257057
32-Nextera-10ng-4_S8_L002_R2_001	41.0	16.666666666666664	46257888.0	151.0	7.239632879496099
32-Nextera-10ng-4_S8_L003_R1_001	40.0	25.0	46482803.0	151.0	8.9630406603072
32-Nextera-10ng-4_S8_L003_R2_001	41.0	16.666666666666664	46482803.0	151.0	5.731914038306499
32-Nextera-10ng-4_S8_L004_R1_001	41.0	16.666666666666664	47031308.0	151.0	9.111996191555207
32-Nextera-10ng-4_S8_L004_R2_001	41.0	16.666666666666664	47031308.0	151.0	8.58798807751397
33-NEB-100ng-1_S1_L001_R1_001	42.0	25.0	62481090.0	151.0	7.498905542868897
33-NEB-100ng-1_S1_L001_R2_001	42.0	16.666666666666664	62481090.0	151.0	6.40190822249339
33-NEB-100ng-1_S1_L002_R1_001	42.0	16.666666666666664	61812287.0	151.0	7.490671728305827
33-NEB-100ng-1_S1_L002_R2_001	42.0	16.666666666666664	61812287.0	151.0	6.307647775873988
33-NEB-100ng-1_S1_L003_R1_001	42.0	16.666666666666664	63583479.0	151.0	7.29210137652106
33-NEB-100ng-1_S1_L003_R2_001	42.0	16.666666666666664	63583479.0	151.0	6.706700996240386
33-NEB-100ng-1_S1_L004_R1_001	42.0	16.666666666666664	63292860.0	151.0	7.75216004135207
33-NEB-100ng-1_S1_L004_R2_001	42.0	16.666666666666664	63292860.0	151.0	7.236908137131678
34-NEB-100ng-2_S2_L001_R1_001	42.0	25.0	49056457.0	151.0	7.2296501667228625
34-NEB-100ng-2_S2_L001_R2_001	42.0	16.666666666666664	49056457.0	151.0	5.769672805208941
34-NEB-100ng-2_S2_L002_R1_001	42.0	16.666666666666664	48699062.0	151.0	7.1179326924277575
34-NEB-100ng-2_S2_L002_R2_001	42.0	16.666666666666664	48699062.0	151.0	5.777213164819983
34-NEB-100ng-2_S2_L003_R1_001	42.0	16.666666666666664	49811733.0	151.0	7.096110925481213
34-NEB-100ng-2_S2_L003_R2_001	42.0	16.666666666666664	49811733.0	151.0	6.221971207440376
34-NEB-100ng-2_S2_L004_R1_001	42.0	16.666666666666664	49712584.0	151.0	7.751524825756036
34-NEB-100ng-2_S2_L004_R2_001	42.0	16.666666666666664	49712584.0	151.0	7.211588724723455
35-NEB-100ng-3_S3_L001_R1_001	42.0	25.0	46768704.0	151.0	7.247409507559496
35-NEB-100ng-3_S3_L001_R2_001	42.0	16.666666666666664	46768704.0	151.0	5.627935148777624
35-NEB-100ng-3_S3_L002_R1_001	42.0	16.666666666666664	46373198.0	151.0	6.969009751470054
35-NEB-100ng-3_S3_L002_R2_001	42.0	16.666666666666664	46373198.0	151.0	5.445126793341942
35-NEB-100ng-3_S3_L003_R1_001	42.0	16.666666666666664	47501340.0	151.0	6.91839765627455
35-NEB-100ng-3_S3_L003_R2_001	42.0	16.666666666666664	47501340.0	151.0	5.935618158706021
35-NEB-100ng-3_S3_L004_R1_001	42.0	16.666666666666664	47263983.0	151.0	7.662921798067671
35-NEB-100ng-3_S3_L004_R2_001	42.0	16.666666666666664	47263983.0	151.0	7.07695688340516
36-NEB-100ng-4_S4_L001_R1_001	42.0	16.666666666666664	44842216.0	151.0	7.176001170496377
36-NEB-100ng-4_S4_L001_R2_001	42.0	16.666666666666664	44842216.0	151.0	5.436461318006053
36-NEB-100ng-4_S4_L002_R1_001	42.0	8.333333333333332	44458808.0	151.0	7.044609150831121
36-NEB-100ng-4_S4_L002_R2_001	42.0	16.666666666666664	44458808.0	151.0	5.508366489527347
36-NEB-100ng-4_S4_L003_R1_001	42.0	16.666666666666664	45590587.0	151.0	6.889265344762748
36-NEB-100ng-4_S4_L003_R2_001	42.0	16.666666666666664	45590587.0	151.0	6.033376877936803
36-NEB-100ng-4_S4_L004_R1_001	42.0	16.666666666666664	45454135.0	151.0	7.6117793460051075
36-NEB-100ng-4_S4_L004_R2_001	42.0	16.666666666666664	45454135.0	151.0	7.106735090339953
37-NEB-10ng-1_S5_L001_R1_001	42.0	25.0	45548767.0	151.0	7.337674488571693
37-NEB-10ng-1_S5_L001_R2_001	42.0	16.666666666666664	45548767.0	151.0	5.405731547073742
37-NEB-10ng-1_S5_L002_R1_001	42.0	16.666666666666664	45135910.0	151.0	7.165383175565694
37-NEB-10ng-1_S5_L002_R2_001	42.0	16.666666666666664	45135910.0	151.0	5.2848082592228
37-NEB-10ng-1_S5_L003_R1_001	42.0	16.666666666666664	46413280.0	151.0	7.296454699708349
37-NEB-10ng-1_S5_L003_R2_001	42.0	16.666666666666664	46413280.0	151.0	6.060360676547688
37-NEB-10ng-1_S5_L004_R1_001	42.0	16.666666666666664	45920009.0	151.0	7.787769880454277
37-NEB-10ng-1_S5_L004_R2_001	42.0	16.666666666666664	45920009.0	151.0	6.98851944570616
38-NEB-10ng-2_S6_L001_R1_001	42.0	25.0	48592672.0	151.0	7.319753212041618
38-NEB-10ng-2_S6_L001_R2_001	43.0	16.666666666666664	48592672.0	151.0	5.609955454529953
38-NEB-10ng-2_S6_L002_R1_001	42.0	16.666666666666664	48051559.0	151.0	7.171949670150497
38-NEB-10ng-2_S6_L002_R2_001	43.0	16.666666666666664	48051559.0	151.0	5.629413758340746
38-NEB-10ng-2_S6_L003_R1_001	42.0	16.666666666666664	49761450.0	151.0	7.030081010901995
38-NEB-10ng-2_S6_L003_R2_001	43.0	16.666666666666664	49761450.0	151.0	6.048585867942506
38-NEB-10ng-2_S6_L004_R1_001	42.0	16.666666666666664	49103170.0	151.0	7.688655404358897
38-NEB-10ng-2_S6_L004_R2_001	43.0	16.666666666666664	49103170.0	151.0	7.034877478837458
39-NEB-10ng-3_S7_L001_R1_001	42.0	25.0	57119502.0	151.0	7.574519215630289
39-NEB-10ng-3_S7_L001_R2_001	42.0	16.666666666666664	57119502.0	151.0	6.109049053182503
39-NEB-10ng-3_S7_L002_R1_001	42.0	16.666666666666664	56618325.0	151.0	7.544692159994796
39-NEB-10ng-3_S7_L002_R2_001	42.0	16.666666666666664	56618325.0	151.0	6.083993452448382
39-NEB-10ng-3_S7_L003_R1_001	42.0	16.666666666666664	58371756.0	151.0	7.4070982846409805
39-NEB-10ng-3_S7_L003_R2_001	42.0	16.666666666666664	58371756.0	151.0	6.455345666456125
39-NEB-10ng-3_S7_L004_R1_001	42.0	16.666666666666664	57623638.0	151.0	7.793942774517177
39-NEB-10ng-3_S7_L004_R2_001	42.0	16.666666666666664	57623638.0	151.0	7.194260690005407
4-Swift2S-100ng-4_S8_L005_R1_001	41.0	16.666666666666664	52765214.0	151.0	8.822955186181048
4-Swift2S-100ng-4_S8_L005_R2_001	41.0	16.666666666666664	52765214.0	151.0	8.14962787886222
4-Swift2S-100ng-4_S8_L006_R1_001	41.0	8.333333333333332	53640073.0	151.0	8.497788787348853
4-Swift2S-100ng-4_S8_L006_R2_001	41.0	16.666666666666664	53640073.0	151.0	7.7424977896547915
4-Swift2S-100ng-4_S8_L007_R1_001	41.0	16.666666666666664	52569441.0	151.0	7.681347148253707
4-Swift2S-100ng-4_S8_L007_R2_001	41.0	16.666666666666664	52569441.0	151.0	6.4672142863512505
4-Swift2S-100ng-4_S8_L008_R1_001	41.0	16.666666666666664	53138532.0	151.0	7.343544169954612
4-Swift2S-100ng-4_S8_L008_R2_001	41.0	16.666666666666664	53138532.0	151.0	7.156573502295487
40-NEB-10ng-4_S8_L001_R1_001	42.0	25.0	51032293.0	151.0	7.79602277150444
40-NEB-10ng-4_S8_L001_R2_001	42.0	16.666666666666664	51032293.0	151.0	6.160517506696365
40-NEB-10ng-4_S8_L002_R1_001	42.0	16.666666666666664	50523278.0	151.0	7.53703818323622
40-NEB-10ng-4_S8_L002_R2_001	42.0	16.666666666666664	50523278.0	151.0	6.099750968853741
40-NEB-10ng-4_S8_L003_R1_001	42.0	16.666666666666664	52079851.0	151.0	7.512576713115166
40-NEB-10ng-4_S8_L003_R2_001	42.0	16.666666666666664	52079851.0	151.0	6.578499045231084
40-NEB-10ng-4_S8_L004_R1_001	42.0	16.666666666666664	51612451.0	151.0	8.127253093928175
40-NEB-10ng-4_S8_L004_R2_001	42.0	16.666666666666664	51612451.0	151.0	7.511675308319823
5-Swift2S-10ng-1_S12_L005_R1_001	40.0	16.666666666666664	48679800.0	151.0	11.570625953930474
5-Swift2S-10ng-1_S12_L005_R2_001	40.0	16.666666666666664	48679800.0	151.0	9.951484921659699
5-Swift2S-10ng-1_S12_L006_R1_001	40.0	16.666666666666664	46534099.0	151.0	10.846894459862511
5-Swift2S-10ng-1_S12_L006_R2_001	40.0	16.666666666666664	46534099.0	151.0	9.4980418493667
5-Swift2S-10ng-1_S12_L007_R1_001	40.0	16.666666666666664	48519039.0	151.0	10.245647386971186
5-Swift2S-10ng-1_S12_L007_R2_001	40.0	16.666666666666664	48519039.0	151.0	7.918130029890364
5-Swift2S-10ng-1_S12_L008_R1_001	40.0	16.666666666666664	43291938.0	151.0	9.664224762138758
5-Swift2S-10ng-1_S12_L008_R2_001	40.0	16.666666666666664	43291938.0	151.0	8.757356409260211
6-Swift2S-10ng-2_S9_L005_R1_001	40.0	16.666666666666664	51184984.0	151.0	10.47751266422324
6-Swift2S-10ng-2_S9_L005_R2_001	40.0	16.666666666666664	51184984.0	151.0	8.99075120992336
6-Swift2S-10ng-2_S9_L006_R1_001	40.0	16.666666666666664	48962227.0	151.0	9.75491405622158
6-Swift2S-10ng-2_S9_L006_R2_001	40.0	16.666666666666664	48962227.0	151.0	8.344335002302785
6-Swift2S-10ng-2_S9_L007_R1_001	40.0	16.666666666666664	51021990.0	151.0	9.29712233325533
6-Swift2S-10ng-2_S9_L007_R2_001	40.0	16.666666666666664	51021990.0	151.0	7.005936272682078
6-Swift2S-10ng-2_S9_L008_R1_001	40.0	16.666666666666664	45460114.0	151.0	8.596990931107669
6-Swift2S-10ng-2_S9_L008_R2_001	40.0	16.666666666666664	45460114.0	151.0	7.729229611296233
7-Swift2S-10ng-3_S10_L005_R1_001	40.0	8.333333333333332	59482133.0	151.0	11.068226825799798
7-Swift2S-10ng-3_S10_L005_R2_001	40.0	8.333333333333332	59482133.0	151.0	9.286059197717094
7-Swift2S-10ng-3_S10_L006_R1_001	40.0	16.666666666666664	56693629.0	151.0	10.468451745710638
7-Swift2S-10ng-3_S10_L006_R2_001	40.0	16.666666666666664	56693629.0	151.0	8.520715754444424
7-Swift2S-10ng-3_S10_L007_R1_001	40.0	8.333333333333332	59123889.0	151.0	9.965072731798315
7-Swift2S-10ng-3_S10_L007_R2_001	40.0	16.666666666666664	59123889.0	151.0	7.521753207837946
7-Swift2S-10ng-3_S10_L008_R1_001	40.0	25.0	52352349.0	151.0	9.056264229571354
7-Swift2S-10ng-3_S10_L008_R2_001	40.0	16.666666666666664	52352349.0	151.0	8.104455764632917
8-Swift2S-10ng-4_S11_L005_R1_001	40.0	16.666666666666664	57683918.0	151.0	10.581561367476695
8-Swift2S-10ng-4_S11_L005_R2_001	40.0	16.666666666666664	57683918.0	151.0	8.84353911240028
8-Swift2S-10ng-4_S11_L006_R1_001	40.0	25.0	54975138.0	151.0	9.943411098666928
8-Swift2S-10ng-4_S11_L006_R2_001	40.0	16.666666666666664	54975138.0	151.0	8.360550207440795
8-Swift2S-10ng-4_S11_L007_R1_001	40.0	16.666666666666664	57372412.0	151.0	9.555393700083044
8-Swift2S-10ng-4_S11_L007_R2_001	40.0	16.666666666666664	57372412.0	151.0	7.234478550842383
8-Swift2S-10ng-4_S11_L008_R1_001	40.0	25.0	50957398.0	151.0	8.690108722643998
8-Swift2S-10ng-4_S11_L008_R2_001	40.0	16.666666666666664	50957398.0	151.0	7.779419198728206
9-Kapa-100ng-1_S9_L005_R1_001	41.0	16.666666666666664	31110217.0	151.0	6.403290093830719
9-Kapa-100ng-1_S9_L005_R2_001	41.0	16.666666666666664	31110217.0	151.0	5.385706025313382
9-Kapa-100ng-1_S9_L006_R1_001	41.0	16.666666666666664	30584790.0	151.0	6.651391472468077
9-Kapa-100ng-1_S9_L006_R2_001	42.0	16.666666666666664	30584790.0	151.0	5.0145806633457966
9-Kapa-100ng-1_S9_L007_R1_001	41.0	8.333333333333332	29716178.0	151.0	6.193132955260367
9-Kapa-100ng-1_S9_L007_R2_001	42.0	16.666666666666664	29716178.0	151.0	4.932901075883663
9-Kapa-100ng-1_S9_L008_R1_001	41.0	16.666666666666664	29502068.0	151.0	5.571823227761897
9-Kapa-100ng-1_S9_L008_R2_001	42.0	16.666666666666664	29502068.0	151.0	5.462133700770522
