#Coverage	Number of genomic locations
0.0	2.73667419E9
1.0	2.41203601E8
2.0	1.06779692E8
3.0	9975751.0
4.0	3941512.0
5.0	457823.0
6.0	213911.0
7.0	76324.0
8.0	66513.0
9.0	44094.0
10.0	43094.0
11.0	34997.0
12.0	34285.0
13.0	28972.0
14.0	29381.0
15.0	25075.0
16.0	24198.0
17.0	20723.0
18.0	16883.0
19.0	14528.0
20.0	13553.0
21.0	10628.0
22.0	10130.0
23.0	8221.0
24.0	7155.0
25.0	6364.0
26.0	5580.0
27.0	4320.0
28.0	4041.0
29.0	3459.0
30.0	2942.0
31.0	3194.0
32.0	2935.0
33.0	2437.0
34.0	2389.0
35.0	2011.0
36.0	2323.0
37.0	2064.0
38.0	1837.0
39.0	1924.0
40.0	1768.0
41.0	1581.0
42.0	1547.0
43.0	1431.0
44.0	1260.0
45.0	1348.0
46.0	1293.0
47.0	1370.0
48.0	1358.0
49.0	1419.0
50.0	1310.0
51.0	1274.0
52.0	1058.0
53.0	1152.0
54.0	975.0
55.0	1138.0
56.0	998.0
57.0	923.0
58.0	894.0
59.0	802.0
60.0	775.0
61.0	780.0
62.0	894.0
63.0	713.0
64.0	675.0
65.0	735.0
66.0	830.0
67.0	781.0
68.0	725.0
69.0	686.0
70.0	659.0
71.0	569.0
72.0	715.0
73.0	628.0
74.0	613.0
75.0	589.0
76.0	645.0
77.0	700.0
78.0	602.0
79.0	607.0
80.0	619.0
81.0	617.0
82.0	609.0
83.0	523.0
84.0	512.0
85.0	558.0
86.0	496.0
87.0	411.0
88.0	517.0
89.0	425.0
90.0	466.0
91.0	526.0
92.0	434.0
93.0	489.0
94.0	433.0
95.0	424.0
96.0	432.0
97.0	469.0
98.0	402.0
99.0	316.0
100.0	332.0
101.0	364.0
102.0	352.0
103.0	317.0
104.0	299.0
105.0	337.0
106.0	310.0
107.0	314.0
108.0	296.0
109.0	357.0
110.0	372.0
111.0	304.0
112.0	330.0
113.0	319.0
114.0	305.0
115.0	274.0
116.0	249.0
117.0	326.0
118.0	275.0
119.0	277.0
120.0	228.0
121.0	278.0
122.0	233.0
123.0	259.0
124.0	251.0
125.0	244.0
126.0	255.0
127.0	288.0
128.0	290.0
129.0	240.0
130.0	255.0
131.0	246.0
132.0	231.0
133.0	253.0
134.0	219.0
135.0	213.0
136.0	220.0
137.0	245.0
138.0	297.0
139.0	332.0
140.0	325.0
141.0	281.0
142.0	310.0
143.0	291.0
144.0	301.0
145.0	274.0
146.0	261.0
147.0	223.0
148.0	203.0
149.0	216.0
150.0	248.0
151.0	262.0
152.0	239.0
153.0	240.0
154.0	229.0
155.0	198.0
156.0	218.0
157.0	217.0
158.0	300.0
159.0	218.0
160.0	247.0
161.0	228.0
162.0	267.0
163.0	228.0
164.0	218.0
165.0	211.0
166.0	221.0
167.0	275.0
168.0	253.0
169.0	221.0
170.0	270.0
171.0	244.0
172.0	245.0
173.0	256.0
174.0	221.0
175.0	231.0
176.0	230.0
177.0	232.0
178.0	253.0
179.0	247.0
180.0	277.0
181.0	250.0
182.0	224.0
183.0	239.0
184.0	261.0
185.0	274.0
186.0	288.0
187.0	284.0
188.0	264.0
189.0	295.0
190.0	242.0
191.0	265.0
192.0	279.0
193.0	317.0
194.0	296.0
195.0	280.0
196.0	279.0
197.0	272.0
198.0	262.0
199.0	286.0
200.0	312.0
201.0	287.0
202.0	319.0
203.0	313.0
204.0	278.0
205.0	273.0
206.0	259.0
207.0	240.0
208.0	274.0
209.0	276.0
210.0	292.0
211.0	259.0
212.0	271.0
213.0	262.0
214.0	272.0
215.0	289.0
216.0	304.0
217.0	297.0
218.0	313.0
219.0	339.0
220.0	308.0
221.0	313.0
222.0	306.0
223.0	313.0
224.0	386.0
225.0	345.0
226.0	363.0
227.0	310.0
228.0	340.0
229.0	318.0
230.0	316.0
231.0	324.0
232.0	351.0
233.0	310.0
234.0	301.0
235.0	283.0
236.0	238.0
237.0	257.0
238.0	217.0
239.0	257.0
240.0	258.0
241.0	238.0
242.0	212.0
243.0	220.0
244.0	221.0
245.0	211.0
246.0	247.0
247.0	233.0
248.0	213.0
249.0	194.0
250.0	173.0
251.0	184.0
252.0	188.0
253.0	216.0
254.0	169.0
255.0	160.0
256.0	157.0
257.0	132.0
258.0	146.0
259.0	119.0
260.0	112.0
261.0	128.0
262.0	147.0
263.0	120.0
264.0	115.0
265.0	87.0
266.0	77.0
267.0	109.0
268.0	110.0
269.0	83.0
270.0	91.0
271.0	108.0
272.0	102.0
273.0	86.0
274.0	110.0
275.0	115.0
276.0	125.0
277.0	82.0
278.0	126.0
279.0	97.0
280.0	109.0
281.0	65.0
282.0	54.0
283.0	68.0
284.0	82.0
285.0	79.0
286.0	64.0
287.0	72.0
288.0	68.0
289.0	76.0
290.0	69.0
291.0	79.0
292.0	70.0
293.0	70.0
294.0	70.0
295.0	56.0
296.0	45.0
297.0	58.0
298.0	62.0
299.0	57.0
300.0	65.0
301.0	48.0
302.0	45.0
303.0	61.0
304.0	55.0
305.0	43.0
306.0	46.0
307.0	57.0
308.0	48.0
309.0	58.0
310.0	62.0
311.0	75.0
312.0	57.0
313.0	47.0
314.0	40.0
315.0	56.0
316.0	45.0
317.0	43.0
318.0	41.0
319.0	46.0
320.0	43.0
321.0	38.0
322.0	55.0
323.0	53.0
324.0	53.0
325.0	53.0
326.0	57.0
327.0	59.0
328.0	44.0
329.0	48.0
330.0	38.0
331.0	50.0
332.0	61.0
333.0	64.0
334.0	49.0
335.0	51.0
336.0	64.0
337.0	45.0
338.0	52.0
339.0	53.0
340.0	58.0
341.0	57.0
342.0	57.0
343.0	55.0
344.0	62.0
345.0	58.0
346.0	58.0
347.0	52.0
348.0	44.0
349.0	41.0
350.0	49.0
351.0	42.0
352.0	41.0
353.0	45.0
354.0	63.0
355.0	46.0
356.0	47.0
357.0	48.0
358.0	46.0
359.0	52.0
360.0	32.0
361.0	85.0
362.0	56.0
363.0	47.0
364.0	54.0
365.0	55.0
366.0	52.0
367.0	61.0
368.0	64.0
369.0	44.0
370.0	61.0
371.0	57.0
372.0	37.0
373.0	56.0
374.0	44.0
375.0	52.0
376.0	48.0
377.0	50.0
378.0	82.0
379.0	54.0
380.0	52.0
381.0	50.0
382.0	45.0
383.0	43.0
384.0	64.0
385.0	46.0
386.0	56.0
387.0	60.0
388.0	58.0
389.0	53.0
390.0	66.0
391.0	56.0
392.0	64.0
393.0	54.0
394.0	50.0
395.0	58.0
396.0	55.0
397.0	42.0
398.0	80.0
399.0	54.0
400.0	40.0
401.0	57.0
402.0	51.0
403.0	52.0
404.0	58.0
405.0	49.0
406.0	54.0
407.0	51.0
408.0	64.0
409.0	33.0
410.0	64.0
411.0	38.0
412.0	44.0
413.0	41.0
414.0	46.0
415.0	37.0
416.0	44.0
417.0	59.0
418.0	33.0
419.0	28.0
420.0	25.0
421.0	45.0
422.0	35.0
423.0	34.0
424.0	31.0
425.0	43.0
426.0	39.0
427.0	48.0
428.0	31.0
429.0	25.0
430.0	30.0
431.0	26.0
432.0	29.0
433.0	45.0
434.0	19.0
435.0	27.0
436.0	27.0
437.0	26.0
438.0	18.0
439.0	27.0
440.0	29.0
441.0	29.0
442.0	35.0
443.0	22.0
444.0	34.0
445.0	40.0
446.0	32.0
447.0	35.0
448.0	45.0
449.0	39.0
450.0	33.0
451.0	32.0
452.0	33.0
453.0	34.0
454.0	34.0
455.0	31.0
456.0	47.0
457.0	34.0
458.0	24.0
459.0	32.0
460.0	31.0
461.0	33.0
462.0	33.0
463.0	38.0
464.0	37.0
465.0	36.0
466.0	28.0
467.0	31.0
468.0	35.0
469.0	38.0
470.0	33.0
471.0	29.0
472.0	39.0
473.0	38.0
474.0	28.0
475.0	41.0
476.0	24.0
477.0	27.0
478.0	29.0
479.0	46.0
480.0	29.0
481.0	28.0
482.0	38.0
483.0	41.0
484.0	27.0
485.0	40.0
486.0	38.0
487.0	43.0
488.0	37.0
489.0	35.0
490.0	43.0
491.0	33.0
492.0	34.0
493.0	35.0
494.0	23.0
495.0	28.0
496.0	32.0
497.0	27.0
498.0	36.0
499.0	34.0
500.0	35.0
501.0	29.0
502.0	32.0
503.0	19.0
504.0	28.0
505.0	35.0
506.0	24.0
507.0	25.0
508.0	23.0
509.0	18.0
510.0	25.0
511.0	22.0
512.0	24.0
513.0	24.0
514.0	33.0
515.0	15.0
516.0	16.0
517.0	17.0
518.0	24.0
519.0	25.0
520.0	21.0
521.0	16.0
522.0	18.0
523.0	27.0
524.0	27.0
525.0	27.0
526.0	32.0
527.0	35.0
528.0	30.0
529.0	44.0
530.0	34.0
531.0	30.0
532.0	16.0
533.0	29.0
534.0	26.0
535.0	25.0
536.0	21.0
537.0	24.0
538.0	25.0
539.0	23.0
540.0	28.0
541.0	18.0
542.0	17.0
543.0	23.0
544.0	20.0
545.0	22.0
546.0	26.0
547.0	21.0
548.0	26.0
549.0	41.0
550.0	37.0
551.0	31.0
552.0	26.0
553.0	20.0
554.0	30.0
555.0	22.0
556.0	23.0
557.0	20.0
558.0	31.0
559.0	31.0
560.0	21.0
561.0	22.0
562.0	22.0
563.0	29.0
564.0	33.0
565.0	28.0
566.0	23.0
567.0	23.0
568.0	14.0
569.0	24.0
570.0	27.0
571.0	24.0
572.0	24.0
573.0	24.0
574.0	27.0
575.0	22.0
576.0	21.0
577.0	26.0
578.0	22.0
579.0	21.0
580.0	18.0
581.0	24.0
582.0	16.0
583.0	15.0
584.0	17.0
585.0	22.0
586.0	25.0
587.0	19.0
588.0	16.0
589.0	25.0
590.0	16.0
591.0	24.0
592.0	17.0
593.0	20.0
594.0	25.0
595.0	26.0
596.0	21.0
597.0	18.0
598.0	13.0
599.0	21.0
600.0	18.0
601.0	16.0
602.0	19.0
603.0	18.0
604.0	20.0
605.0	15.0
606.0	20.0
607.0	21.0
608.0	26.0
609.0	16.0
610.0	14.0
611.0	27.0
612.0	11.0
613.0	22.0
614.0	17.0
615.0	25.0
616.0	19.0
617.0	17.0
618.0	18.0
619.0	22.0
620.0	22.0
621.0	9.0
622.0	21.0
623.0	14.0
624.0	17.0
625.0	27.0
626.0	26.0
627.0	22.0
628.0	23.0
629.0	19.0
630.0	16.0
631.0	18.0
632.0	18.0
633.0	10.0
634.0	18.0
635.0	17.0
636.0	11.0
637.0	18.0
638.0	25.0
639.0	28.0
640.0	24.0
641.0	24.0
642.0	25.0
643.0	23.0
644.0	35.0
645.0	21.0
646.0	18.0
647.0	23.0
648.0	24.0
649.0	22.0
650.0	35.0
651.0	26.0
652.0	27.0
653.0	28.0
654.0	36.0
655.0	32.0
656.0	28.0
657.0	42.0
658.0	26.0
659.0	23.0
660.0	30.0
661.0	27.0
662.0	26.0
663.0	20.0
664.0	15.0
665.0	21.0
666.0	13.0
667.0	15.0
668.0	30.0
669.0	17.0
670.0	16.0
671.0	13.0
672.0	19.0
673.0	21.0
674.0	11.0
675.0	20.0
676.0	21.0
677.0	23.0
678.0	21.0
679.0	23.0
680.0	29.0
681.0	19.0
682.0	15.0
683.0	22.0
684.0	26.0
685.0	21.0
686.0	20.0
687.0	19.0
688.0	17.0
689.0	11.0
690.0	26.0
691.0	27.0
692.0	19.0
693.0	18.0
694.0	30.0
695.0	18.0
696.0	20.0
697.0	28.0
698.0	13.0
699.0	21.0
700.0	20.0
701.0	20.0
702.0	19.0
703.0	26.0
704.0	19.0
705.0	11.0
706.0	29.0
707.0	10.0
708.0	10.0
709.0	20.0
710.0	35.0
711.0	19.0
712.0	16.0
713.0	17.0
714.0	19.0
715.0	14.0
716.0	20.0
717.0	23.0
718.0	19.0
719.0	24.0
720.0	26.0
721.0	30.0
722.0	15.0
723.0	18.0
724.0	26.0
725.0	22.0
726.0	27.0
727.0	19.0
728.0	12.0
729.0	14.0
730.0	12.0
731.0	18.0
732.0	20.0
733.0	17.0
734.0	18.0
735.0	15.0
736.0	15.0
737.0	13.0
738.0	12.0
739.0	9.0
740.0	11.0
741.0	17.0
742.0	18.0
743.0	13.0
744.0	16.0
745.0	11.0
746.0	23.0
747.0	22.0
748.0	20.0
749.0	17.0
750.0	20.0
751.0	34.0
752.0	22.0
753.0	12.0
754.0	13.0
755.0	13.0
756.0	11.0
757.0	11.0
758.0	17.0
759.0	23.0
760.0	29.0
761.0	16.0
762.0	14.0
763.0	11.0
764.0	13.0
765.0	8.0
766.0	11.0
767.0	18.0
768.0	16.0
769.0	22.0
770.0	22.0
771.0	19.0
772.0	14.0
773.0	16.0
774.0	21.0
775.0	13.0
776.0	16.0
777.0	16.0
778.0	15.0
779.0	18.0
780.0	10.0
781.0	17.0
782.0	25.0
783.0	16.0
784.0	26.0
785.0	16.0
786.0	11.0
787.0	11.0
788.0	24.0
789.0	12.0
790.0	14.0
791.0	15.0
792.0	19.0
793.0	22.0
794.0	15.0
795.0	17.0
796.0	22.0
797.0	14.0
798.0	22.0
799.0	20.0
800.0	18.0
801.0	18.0
802.0	17.0
803.0	24.0
804.0	18.0
805.0	17.0
806.0	16.0
807.0	22.0
808.0	23.0
809.0	11.0
810.0	18.0
811.0	17.0
812.0	14.0
813.0	15.0
814.0	20.0
815.0	10.0
816.0	15.0
817.0	22.0
818.0	10.0
819.0	17.0
820.0	12.0
821.0	13.0
822.0	20.0
823.0	17.0
824.0	17.0
825.0	17.0
826.0	33.0
827.0	13.0
828.0	13.0
829.0	17.0
830.0	17.0
831.0	13.0
832.0	14.0
833.0	10.0
834.0	12.0
835.0	9.0
836.0	14.0
837.0	12.0
838.0	9.0
839.0	10.0
840.0	15.0
841.0	23.0
842.0	16.0
843.0	15.0
844.0	14.0
845.0	9.0
846.0	18.0
847.0	17.0
848.0	15.0
849.0	14.0
850.0	11.0
851.0	23.0
852.0	14.0
853.0	16.0
854.0	12.0
855.0	14.0
856.0	20.0
857.0	15.0
858.0	17.0
859.0	18.0
860.0	13.0
861.0	13.0
862.0	14.0
863.0	16.0
864.0	9.0
865.0	13.0
866.0	13.0
867.0	13.0
868.0	14.0
869.0	18.0
870.0	26.0
871.0	11.0
872.0	9.0
873.0	9.0
874.0	15.0
875.0	17.0
876.0	15.0
877.0	11.0
878.0	9.0
879.0	7.0
880.0	11.0
881.0	22.0
882.0	18.0
883.0	18.0
884.0	8.0
885.0	12.0
886.0	32.0
887.0	13.0
888.0	15.0
889.0	23.0
890.0	23.0
891.0	6.0
892.0	12.0
893.0	15.0
894.0	12.0
895.0	11.0
896.0	16.0
897.0	7.0
898.0	15.0
899.0	14.0
900.0	17.0
901.0	14.0
902.0	23.0
903.0	15.0
904.0	12.0
905.0	11.0
906.0	12.0
907.0	16.0
908.0	11.0
909.0	9.0
910.0	13.0
911.0	7.0
912.0	9.0
913.0	24.0
914.0	11.0
915.0	13.0
916.0	11.0
917.0	8.0
918.0	4.0
919.0	8.0
920.0	12.0
921.0	7.0
922.0	13.0
923.0	11.0
924.0	17.0
925.0	12.0
926.0	7.0
927.0	13.0
928.0	11.0
929.0	12.0
930.0	14.0
931.0	9.0
932.0	14.0
933.0	8.0
934.0	10.0
935.0	10.0
936.0	16.0
937.0	15.0
938.0	15.0
939.0	7.0
940.0	27.0
941.0	16.0
942.0	13.0
943.0	12.0
944.0	23.0
945.0	15.0
946.0	17.0
947.0	15.0
948.0	17.0
949.0	7.0
950.0	10.0
951.0	23.0
952.0	13.0
953.0	13.0
954.0	12.0
955.0	7.0
956.0	12.0
957.0	12.0
958.0	14.0
959.0	18.0
960.0	16.0
961.0	9.0
962.0	12.0
963.0	12.0
964.0	9.0
965.0	12.0
966.0	9.0
967.0	13.0
968.0	10.0
969.0	10.0
970.0	16.0
971.0	17.0
972.0	14.0
973.0	10.0
974.0	14.0
975.0	14.0
976.0	6.0
977.0	13.0
978.0	7.0
979.0	7.0
980.0	13.0
981.0	9.0
982.0	11.0
983.0	14.0
984.0	9.0
985.0	5.0
986.0	5.0
987.0	11.0
988.0	7.0
989.0	4.0
990.0	7.0
991.0	6.0
992.0	11.0
993.0	9.0
994.0	7.0
995.0	9.0
996.0	11.0
997.0	11.0
998.0	9.0
999.0	5.0
1000.0	7.0
1001.0	15.0
1002.0	14.0
1003.0	6.0
1004.0	10.0
1005.0	9.0
1006.0	8.0
1007.0	11.0
1008.0	12.0
1009.0	12.0
1010.0	8.0
1011.0	9.0
1012.0	24.0
1013.0	6.0
1014.0	6.0
1015.0	8.0
1016.0	6.0
1017.0	8.0
1018.0	7.0
1019.0	8.0
1020.0	5.0
1021.0	9.0
1022.0	3.0
1023.0	5.0
1024.0	10.0
1025.0	8.0
1026.0	9.0
1027.0	10.0
1028.0	9.0
1029.0	7.0
1030.0	6.0
1031.0	10.0
1032.0	9.0
1033.0	7.0
1034.0	8.0
1035.0	4.0
1036.0	4.0
1037.0	7.0
1038.0	10.0
1039.0	5.0
1040.0	6.0
1041.0	13.0
1042.0	10.0
1043.0	12.0
1044.0	10.0
1045.0	10.0
1046.0	8.0
1047.0	8.0
1048.0	8.0
1049.0	7.0
1050.0	7.0
1051.0	14.0
1052.0	10.0
1053.0	10.0
1054.0	5.0
1055.0	4.0
1056.0	8.0
1057.0	4.0
1058.0	7.0
1059.0	7.0
1060.0	5.0
1061.0	8.0
1062.0	8.0
1063.0	7.0
1064.0	10.0
1065.0	3.0
1066.0	3.0
1067.0	9.0
1068.0	6.0
1069.0	5.0
1070.0	7.0
1071.0	6.0
1072.0	9.0
1073.0	10.0
1074.0	10.0
1075.0	5.0
1076.0	3.0
1077.0	8.0
1078.0	11.0
1079.0	9.0
1080.0	12.0
1081.0	10.0
1082.0	8.0
1083.0	9.0
1084.0	9.0
1085.0	8.0
1086.0	9.0
1087.0	10.0
1088.0	5.0
1089.0	8.0
1090.0	10.0
1091.0	12.0
1092.0	11.0
1093.0	8.0
1094.0	17.0
1095.0	10.0
1096.0	14.0
1097.0	11.0
1098.0	11.0
1099.0	9.0
1100.0	12.0
1101.0	20.0
1102.0	14.0
1103.0	13.0
1104.0	13.0
1105.0	16.0
1106.0	12.0
1107.0	20.0
1108.0	18.0
1109.0	16.0
1110.0	9.0
1111.0	13.0
1112.0	8.0
1113.0	7.0
1114.0	10.0
1115.0	10.0
1116.0	9.0
1117.0	15.0
1118.0	10.0
1119.0	10.0
1120.0	12.0
1121.0	11.0
1122.0	17.0
1123.0	11.0
1124.0	12.0
1125.0	16.0
1126.0	9.0
1127.0	5.0
1128.0	17.0
1129.0	14.0
1130.0	13.0
1131.0	15.0
1132.0	14.0
1133.0	16.0
1134.0	12.0
1135.0	12.0
1136.0	12.0
1137.0	11.0
1138.0	10.0
1139.0	8.0
1140.0	7.0
1141.0	12.0
1142.0	12.0
1143.0	7.0
1144.0	7.0
1145.0	12.0
1146.0	4.0
1147.0	5.0
1148.0	7.0
1149.0	11.0
1150.0	3.0
1151.0	10.0
1152.0	9.0
1153.0	13.0
1154.0	7.0
1155.0	9.0
1156.0	10.0
1157.0	6.0
1158.0	6.0
1159.0	5.0
1160.0	7.0
1161.0	12.0
1162.0	5.0
1163.0	7.0
1164.0	13.0
1165.0	13.0
1166.0	8.0
1167.0	7.0
1168.0	10.0
1169.0	4.0
1170.0	9.0
1171.0	4.0
1172.0	2.0
1173.0	2.0
1174.0	4.0
1175.0	11.0
1176.0	8.0
1177.0	12.0
1178.0	5.0
1179.0	8.0
1180.0	8.0
1181.0	8.0
1182.0	6.0
1183.0	5.0
1184.0	6.0
1185.0	9.0
1186.0	2.0
1187.0	4.0
1188.0	3.0
1189.0	5.0
1190.0	7.0
1191.0	3.0
1192.0	10.0
1193.0	6.0
1194.0	6.0
1195.0	9.0
1196.0	9.0
1197.0	5.0
1198.0	12.0
1199.0	10.0
1200.0	13.0
1201.0	7.0
1202.0	8.0
1203.0	5.0
1204.0	10.0
1205.0	13.0
1206.0	6.0
1207.0	10.0
1208.0	9.0
1209.0	5.0
1210.0	4.0
1211.0	8.0
1212.0	10.0
1213.0	6.0
1214.0	5.0
1215.0	9.0
1216.0	6.0
1217.0	3.0
1218.0	4.0
1219.0	3.0
1220.0	9.0
1221.0	9.0
1222.0	6.0
1223.0	4.0
1224.0	9.0
1225.0	9.0
1226.0	10.0
1227.0	11.0
1228.0	11.0
1229.0	8.0
1230.0	7.0
1231.0	8.0
1232.0	4.0
1233.0	8.0
1234.0	10.0
1235.0	13.0
1236.0	9.0
1237.0	2.0
1238.0	11.0
1239.0	5.0
1240.0	10.0
1241.0	9.0
1242.0	8.0
1243.0	8.0
1244.0	16.0
1245.0	21.0
1246.0	15.0
1247.0	5.0
1248.0	12.0
1249.0	6.0
1250.0	8.0
1251.0	13.0
1252.0	7.0
1253.0	9.0
1254.0	16.0
1255.0	9.0
1256.0	13.0
1257.0	11.0
1258.0	11.0
1259.0	6.0
1260.0	13.0
1261.0	6.0
1262.0	7.0
1263.0	8.0
1264.0	9.0
1265.0	3.0
1266.0	12.0
1267.0	3.0
1268.0	11.0
1269.0	5.0
1270.0	7.0
1271.0	5.0
1272.0	5.0
1273.0	7.0
1274.0	3.0
1275.0	9.0
1276.0	8.0
1277.0	7.0
1278.0	10.0
1279.0	6.0
1280.0	7.0
1281.0	7.0
1282.0	5.0
1283.0	8.0
1284.0	9.0
1285.0	11.0
1286.0	11.0
1287.0	12.0
1288.0	8.0
1289.0	6.0
1290.0	5.0
1291.0	7.0
1292.0	12.0
1293.0	3.0
1294.0	9.0
1295.0	7.0
1296.0	6.0
1297.0	6.0
1298.0	5.0
1299.0	10.0
1300.0	7.0
1301.0	9.0
1302.0	6.0
1303.0	14.0
1304.0	9.0
1305.0	15.0
1306.0	11.0
1307.0	5.0
1308.0	11.0
1309.0	8.0
1310.0	11.0
1311.0	6.0
1312.0	7.0
1313.0	4.0
1314.0	4.0
1315.0	11.0
1316.0	6.0
1317.0	3.0
1318.0	7.0
1319.0	5.0
1320.0	10.0
1321.0	8.0
1322.0	3.0
1323.0	4.0
1324.0	4.0
1325.0	8.0
1326.0	2.0
1327.0	9.0
1328.0	7.0
1329.0	5.0
1330.0	4.0
1331.0	4.0
1332.0	6.0
1333.0	3.0
1334.0	4.0
1335.0	6.0
1336.0	9.0
1337.0	1.0
1338.0	4.0
1339.0	2.0
1340.0	2.0
1341.0	5.0
1342.0	5.0
1343.0	8.0
1344.0	4.0
1345.0	11.0
1346.0	7.0
1347.0	7.0
1348.0	5.0
1349.0	5.0
1350.0	3.0
1351.0	7.0
1352.0	2.0
1353.0	7.0
1354.0	6.0
1355.0	5.0
1356.0	5.0
1357.0	5.0
1358.0	5.0
1359.0	3.0
1360.0	4.0
1361.0	13.0
1362.0	7.0
1363.0	2.0
1364.0	6.0
1365.0	5.0
1366.0	9.0
1367.0	3.0
1368.0	11.0
1369.0	7.0
1370.0	5.0
1371.0	4.0
1372.0	1.0
1373.0	3.0
1374.0	1.0
1375.0	2.0
1376.0	2.0
1377.0	6.0
1378.0	3.0
1379.0	3.0
1380.0	7.0
1381.0	3.0
1382.0	14.0
1383.0	9.0
1384.0	3.0
1385.0	9.0
1386.0	8.0
1387.0	10.0
1388.0	7.0
1389.0	11.0
1390.0	11.0
1391.0	10.0
1392.0	11.0
1393.0	5.0
1394.0	3.0
1395.0	5.0
1396.0	6.0
1397.0	3.0
1398.0	6.0
1399.0	6.0
1400.0	1.0
1401.0	2.0
1402.0	4.0
1404.0	3.0
1405.0	1.0
1406.0	4.0
1407.0	2.0
1408.0	1.0
1409.0	2.0
1410.0	3.0
1411.0	4.0
1412.0	2.0
1413.0	4.0
1414.0	4.0
1415.0	5.0
1416.0	1.0
1417.0	1.0
1418.0	7.0
1419.0	1.0
1421.0	3.0
1422.0	2.0
1423.0	2.0
1424.0	1.0
1425.0	4.0
1426.0	5.0
1427.0	6.0
1428.0	5.0
1429.0	2.0
1430.0	6.0
1431.0	6.0
1432.0	4.0
1433.0	3.0
1434.0	5.0
1435.0	5.0
1436.0	2.0
1437.0	2.0
1438.0	4.0
1439.0	6.0
1440.0	5.0
1441.0	1.0
1442.0	4.0
1443.0	7.0
1444.0	8.0
1445.0	6.0
1446.0	6.0
1447.0	4.0
1448.0	8.0
1449.0	2.0
1450.0	5.0
1451.0	6.0
1452.0	3.0
1453.0	2.0
1454.0	1.0
1455.0	3.0
1456.0	4.0
1457.0	3.0
1458.0	7.0
1459.0	4.0
1460.0	5.0
1461.0	3.0
1462.0	1.0
1464.0	1.0
1465.0	4.0
1466.0	2.0
1467.0	1.0
1468.0	5.0
1469.0	6.0
1470.0	5.0
1471.0	2.0
1472.0	2.0
1473.0	5.0
1474.0	3.0
1475.0	2.0
1476.0	4.0
1477.0	1.0
1478.0	1.0
1479.0	4.0
1480.0	1.0
1481.0	2.0
1482.0	2.0
1483.0	3.0
1485.0	2.0
1486.0	3.0
1487.0	1.0
1488.0	3.0
1489.0	6.0
1490.0	4.0
1491.0	2.0
1493.0	1.0
1494.0	2.0
1495.0	3.0
1496.0	3.0
1497.0	1.0
1498.0	1.0
1499.0	1.0
1500.0	3.0
1501.0	3.0
1502.0	3.0
1503.0	2.0
1504.0	2.0
1505.0	2.0
1506.0	2.0
1507.0	1.0
1509.0	3.0
1510.0	2.0
1511.0	3.0
1512.0	3.0
1514.0	1.0
1515.0	2.0
1516.0	2.0
1518.0	3.0
1520.0	3.0
1521.0	2.0
1522.0	3.0
1523.0	2.0
1524.0	1.0
1525.0	2.0
1526.0	3.0
1527.0	2.0
1528.0	1.0
1529.0	3.0
1530.0	2.0
1531.0	3.0
1532.0	1.0
1533.0	2.0
1535.0	1.0
1536.0	1.0
1538.0	1.0
1539.0	3.0
1540.0	3.0
1541.0	4.0
1542.0	2.0
1544.0	2.0
1545.0	2.0
1546.0	2.0
1548.0	4.0
1549.0	2.0
1550.0	6.0
1551.0	1.0
1552.0	2.0
1554.0	3.0
1555.0	3.0
1556.0	3.0
1557.0	1.0
1558.0	4.0
1559.0	4.0
1560.0	1.0
1561.0	1.0
1562.0	1.0
1564.0	3.0
1565.0	2.0
1566.0	3.0
1567.0	1.0
1568.0	2.0
1570.0	2.0
1571.0	1.0
1572.0	1.0
1573.0	4.0
1574.0	1.0
1575.0	2.0
1576.0	2.0
1577.0	2.0
1578.0	4.0
1579.0	3.0
1580.0	3.0
1581.0	2.0
1582.0	2.0
1583.0	1.0
1584.0	1.0
1585.0	3.0
1586.0	4.0
1587.0	1.0
1588.0	2.0
1589.0	2.0
1591.0	1.0
1592.0	1.0
1593.0	5.0
1594.0	1.0
1595.0	2.0
1597.0	10.0
1599.0	4.0
1600.0	2.0
1601.0	2.0
1602.0	3.0
1603.0	1.0
1604.0	2.0
1605.0	2.0
1606.0	1.0
1607.0	2.0
1608.0	2.0
1609.0	2.0
1610.0	1.0
1611.0	2.0
1613.0	3.0
1614.0	3.0
1616.0	2.0
1617.0	1.0
1618.0	2.0
1619.0	1.0
1620.0	4.0
1621.0	1.0
1622.0	5.0
1623.0	2.0
1624.0	1.0
1626.0	3.0
1627.0	3.0
1628.0	2.0
1630.0	3.0
1631.0	4.0
1632.0	3.0
1633.0	3.0
1635.0	3.0
1636.0	2.0
1637.0	3.0
1638.0	1.0
1639.0	1.0
1640.0	2.0
1641.0	3.0
1642.0	1.0
1643.0	1.0
1644.0	1.0
1645.0	3.0
1646.0	2.0
1647.0	2.0
1648.0	3.0
1649.0	5.0
1650.0	1.0
1651.0	3.0
1652.0	3.0
1653.0	5.0
1654.0	4.0
1655.0	3.0
1656.0	1.0
1657.0	6.0
1658.0	4.0
1659.0	3.0
1660.0	3.0
1661.0	1.0
1662.0	1.0
1663.0	2.0
1664.0	1.0
1665.0	3.0
1666.0	4.0
1667.0	3.0
1668.0	1.0
1669.0	3.0
1670.0	1.0
1671.0	4.0
1673.0	3.0
1674.0	1.0
1675.0	3.0
1676.0	1.0
1677.0	5.0
1678.0	1.0
1679.0	2.0
1683.0	2.0
1684.0	3.0
1685.0	2.0
1687.0	3.0
1688.0	2.0
1689.0	1.0
1690.0	4.0
1691.0	1.0
1692.0	1.0
1693.0	1.0
1695.0	1.0
1696.0	3.0
1697.0	1.0
1698.0	2.0
1700.0	2.0
1701.0	2.0
1702.0	1.0
1703.0	4.0
1704.0	2.0
1705.0	4.0
1709.0	3.0
1710.0	3.0
1711.0	1.0
1712.0	1.0
1713.0	2.0
1714.0	4.0
1716.0	1.0
1717.0	3.0
1718.0	3.0
1719.0	1.0
1721.0	1.0
1722.0	1.0
1725.0	1.0
1726.0	1.0
1727.0	2.0
1728.0	2.0
1729.0	1.0
1730.0	1.0
1732.0	2.0
1733.0	1.0
1734.0	2.0
1736.0	3.0
1737.0	2.0
1739.0	2.0
1740.0	3.0
1741.0	1.0
1743.0	2.0
1744.0	3.0
1745.0	1.0
1746.0	3.0
1747.0	2.0
1748.0	3.0
1749.0	3.0
1750.0	2.0
1751.0	1.0
1753.0	2.0
1754.0	1.0
1755.0	2.0
1756.0	1.0
1757.0	2.0
1758.0	3.0
1760.0	1.0
1761.0	1.0
1762.0	2.0
1763.0	2.0
1764.0	2.0
1767.0	2.0
1768.0	1.0
1769.0	1.0
1770.0	3.0
1771.0	1.0
1772.0	4.0
1773.0	1.0
1775.0	2.0
1776.0	3.0
1777.0	2.0
1779.0	2.0
1780.0	3.0
1782.0	4.0
1783.0	1.0
1784.0	2.0
1785.0	4.0
1786.0	3.0
1787.0	2.0
1788.0	3.0
1790.0	4.0
1791.0	2.0
1792.0	3.0
1793.0	4.0
1794.0	1.0
1795.0	3.0
1796.0	1.0
1797.0	3.0
1798.0	1.0
1800.0	1.0
1801.0	2.0
1803.0	1.0
1804.0	1.0
1806.0	2.0
1808.0	5.0
1809.0	1.0
1810.0	1.0
1811.0	3.0
1813.0	3.0
1814.0	1.0
1815.0	1.0
1817.0	3.0
1818.0	1.0
1819.0	3.0
1820.0	1.0
1822.0	1.0
1823.0	3.0
1824.0	1.0
1825.0	2.0
1827.0	2.0
1828.0	3.0
1829.0	1.0
1832.0	2.0
1833.0	1.0
1834.0	1.0
1835.0	2.0
1836.0	3.0
1838.0	4.0
1839.0	1.0
1840.0	5.0
1842.0	1.0
1843.0	2.0
1845.0	3.0
1846.0	2.0
1847.0	2.0
1848.0	3.0
1849.0	2.0
1850.0	1.0
1851.0	2.0
1852.0	3.0
1853.0	1.0
1854.0	2.0
1856.0	2.0
1857.0	2.0
1858.0	1.0
1859.0	4.0
1860.0	1.0
1861.0	1.0
1862.0	1.0
1863.0	1.0
1865.0	5.0
1866.0	3.0
1867.0	1.0
1870.0	3.0
1871.0	2.0
1872.0	3.0
1873.0	1.0
1874.0	4.0
1875.0	1.0
1876.0	2.0
1878.0	3.0
1879.0	1.0
1880.0	1.0
1881.0	1.0
1882.0	2.0
1883.0	2.0
1884.0	1.0
1885.0	2.0
1886.0	4.0
1887.0	1.0
1888.0	1.0
1889.0	2.0
1890.0	1.0
1891.0	1.0
1892.0	1.0
1893.0	5.0
1894.0	1.0
1895.0	3.0
1896.0	2.0
1897.0	3.0
1898.0	2.0
1899.0	1.0
1900.0	4.0
1901.0	5.0
1902.0	14.0
1903.0	3.0
1904.0	3.0
1905.0	3.0
1906.0	1.0
1907.0	1.0
1908.0	1.0
1909.0	1.0
1910.0	3.0
1911.0	2.0
1912.0	1.0
1913.0	1.0
1914.0	5.0
1915.0	1.0
1916.0	2.0
1917.0	1.0
1918.0	2.0
1919.0	1.0
1920.0	3.0
1921.0	3.0
1922.0	2.0
1923.0	1.0
1924.0	2.0
1925.0	4.0
1926.0	1.0
1927.0	3.0
1929.0	4.0
1930.0	3.0
1931.0	4.0
1932.0	2.0
1933.0	1.0
1935.0	3.0
1936.0	3.0
1937.0	2.0
1939.0	4.0
1940.0	1.0
1941.0	3.0
1942.0	1.0
1943.0	4.0
1944.0	3.0
1947.0	3.0
1949.0	1.0
1950.0	1.0
1951.0	1.0
1952.0	2.0
1953.0	2.0
1954.0	1.0
1955.0	3.0
1956.0	2.0
1957.0	5.0
1958.0	1.0
1959.0	4.0
1961.0	2.0
1962.0	2.0
1963.0	2.0
1964.0	1.0
1965.0	3.0
1966.0	1.0
1967.0	1.0
1969.0	3.0
1970.0	2.0
1971.0	2.0
1972.0	3.0
1973.0	1.0
1974.0	1.0
1976.0	2.0
1977.0	1.0
1978.0	1.0
1979.0	1.0
1980.0	1.0
1981.0	1.0
1982.0	2.0
1984.0	2.0
1987.0	1.0
1988.0	1.0
1989.0	2.0
1990.0	2.0
1991.0	1.0
1993.0	4.0
1994.0	2.0
1995.0	2.0
1996.0	3.0
1997.0	2.0
1998.0	2.0
1999.0	1.0
2001.0	3.0
2006.0	4.0
2008.0	2.0
2009.0	3.0
2010.0	2.0
2011.0	1.0
2012.0	3.0
2013.0	1.0
2014.0	4.0
2016.0	3.0
2017.0	4.0
2018.0	2.0
2019.0	1.0
2021.0	4.0
2022.0	2.0
2023.0	2.0
2024.0	7.0
2025.0	2.0
2026.0	1.0
2028.0	5.0
2029.0	4.0
2030.0	2.0
2031.0	1.0
2032.0	4.0
2033.0	1.0
2034.0	2.0
2035.0	2.0
2036.0	3.0
2038.0	1.0
2040.0	3.0
2041.0	2.0
2044.0	2.0
2045.0	1.0
2046.0	2.0
2047.0	1.0
2048.0	2.0
2049.0	2.0
2050.0	1.0
2051.0	1.0
2054.0	2.0
2055.0	3.0
2056.0	3.0
2057.0	3.0
2058.0	2.0
2059.0	1.0
2060.0	1.0
2061.0	1.0
2062.0	2.0
2064.0	1.0
2065.0	4.0
2067.0	1.0
2069.0	6.0
2070.0	1.0
2071.0	2.0
2072.0	3.0
2073.0	3.0
2074.0	1.0
2075.0	1.0
2076.0	1.0
2077.0	5.0
2078.0	1.0
2079.0	1.0
2080.0	2.0
2082.0	2.0
2083.0	3.0
2084.0	1.0
2085.0	1.0
2086.0	3.0
2087.0	4.0
2088.0	2.0
2089.0	2.0
2090.0	2.0
2092.0	1.0
2093.0	1.0
2094.0	3.0
2095.0	6.0
2097.0	2.0
2098.0	5.0
2099.0	1.0
2100.0	4.0
2102.0	1.0
2103.0	1.0
2106.0	2.0
2107.0	2.0
2108.0	3.0
2109.0	3.0
2110.0	3.0
2111.0	1.0
2112.0	1.0
2114.0	4.0
2115.0	5.0
2116.0	1.0
2117.0	2.0
2120.0	2.0
2121.0	4.0
2122.0	1.0
2123.0	3.0
2124.0	2.0
2125.0	4.0
2126.0	4.0
2127.0	1.0
2128.0	1.0
2129.0	1.0
2131.0	1.0
2132.0	2.0
2133.0	1.0
2134.0	1.0
2135.0	1.0
2136.0	2.0
2139.0	1.0
2141.0	1.0
2142.0	2.0
2143.0	2.0
2144.0	1.0
2146.0	3.0
2147.0	1.0
2148.0	2.0
2151.0	2.0
2152.0	1.0
2153.0	4.0
2155.0	2.0
2156.0	3.0
2158.0	1.0
2159.0	1.0
2160.0	2.0
2162.0	2.0
2163.0	1.0
2164.0	2.0
2166.0	2.0
2169.0	2.0
2171.0	1.0
2172.0	1.0
2173.0	1.0
2174.0	1.0
2176.0	2.0
2177.0	1.0
2178.0	3.0
2179.0	1.0
2180.0	1.0
2181.0	4.0
2184.0	3.0
2185.0	2.0
2186.0	5.0
2187.0	1.0
2188.0	2.0
2189.0	2.0
2190.0	1.0
2191.0	2.0
2192.0	2.0
2193.0	1.0
2194.0	1.0
2195.0	2.0
2196.0	4.0
2197.0	4.0
2198.0	4.0
2199.0	7.0
2200.0	3.0
2201.0	5.0
2203.0	3.0
2204.0	4.0
2205.0	3.0
2206.0	4.0
2207.0	3.0
2208.0	2.0
2209.0	1.0
2210.0	1.0
2211.0	3.0
2212.0	1.0
2214.0	1.0
2215.0	4.0
2216.0	1.0
2217.0	1.0
2218.0	2.0
2221.0	1.0
2222.0	2.0
2223.0	1.0
2224.0	2.0
2225.0	1.0
2226.0	2.0
2227.0	4.0
2229.0	1.0
2230.0	1.0
2231.0	1.0
2232.0	3.0
2233.0	2.0
2234.0	1.0
2235.0	1.0
2236.0	2.0
2237.0	1.0
2239.0	1.0
2240.0	1.0
2242.0	1.0
2243.0	2.0
2244.0	2.0
2245.0	3.0
2246.0	2.0
2249.0	3.0
2250.0	2.0
2252.0	2.0
2253.0	1.0
2254.0	1.0
2255.0	1.0
2256.0	4.0
2257.0	3.0
2258.0	1.0
2259.0	2.0
2260.0	1.0
2261.0	4.0
2262.0	1.0
2263.0	3.0
2264.0	2.0
2265.0	6.0
2266.0	2.0
2267.0	2.0
2268.0	1.0
2269.0	5.0
2270.0	2.0
2271.0	1.0
2272.0	3.0
2273.0	1.0
2274.0	2.0
2275.0	4.0
2276.0	2.0
2277.0	1.0
2278.0	2.0
2279.0	3.0
2280.0	3.0
2281.0	1.0
2282.0	2.0
2283.0	1.0
2284.0	1.0
2285.0	1.0
2286.0	1.0
2287.0	2.0
2288.0	2.0
2290.0	1.0
2293.0	2.0
2294.0	2.0
2295.0	1.0
2296.0	1.0
2297.0	1.0
2299.0	2.0
2301.0	4.0
2302.0	1.0
2303.0	3.0
2304.0	3.0
2306.0	3.0
2308.0	3.0
2309.0	3.0
2311.0	3.0
2315.0	1.0
2316.0	1.0
2318.0	3.0
2319.0	3.0
2320.0	2.0
2321.0	1.0
2322.0	2.0
2323.0	1.0
2324.0	2.0
2326.0	5.0
2329.0	1.0
2330.0	1.0
2331.0	2.0
2332.0	2.0
2333.0	2.0
2334.0	1.0
2335.0	1.0
2336.0	2.0
2337.0	1.0
2338.0	1.0
2339.0	4.0
2340.0	1.0
2342.0	2.0
2344.0	2.0
2345.0	1.0
2346.0	2.0
2348.0	2.0
2349.0	2.0
2350.0	1.0
2351.0	1.0
2352.0	2.0
2353.0	1.0
2354.0	1.0
2355.0	1.0
2356.0	2.0
2357.0	2.0
2358.0	2.0
2359.0	3.0
2360.0	4.0
2361.0	2.0
2362.0	2.0
2363.0	1.0
2364.0	1.0
2365.0	1.0
2367.0	3.0
2368.0	2.0
2371.0	1.0
2372.0	3.0
2373.0	3.0
2374.0	3.0
2375.0	1.0
2376.0	2.0
2377.0	1.0
2378.0	2.0
2379.0	4.0
2380.0	2.0
2381.0	2.0
2382.0	1.0
2384.0	2.0
2385.0	2.0
2388.0	3.0
2390.0	4.0
2391.0	2.0
2392.0	3.0
2393.0	2.0
2395.0	1.0
2396.0	1.0
2397.0	2.0
2398.0	1.0
2399.0	2.0
2400.0	1.0
2402.0	4.0
2404.0	6.0
2405.0	3.0
2406.0	3.0
2408.0	1.0
2409.0	1.0
2411.0	1.0
2413.0	1.0
2414.0	1.0
2415.0	2.0
2416.0	2.0
2417.0	1.0
2418.0	4.0
2419.0	3.0
2420.0	2.0
2421.0	2.0
2422.0	3.0
2423.0	2.0
2424.0	3.0
2426.0	1.0
2427.0	5.0
2428.0	3.0
2429.0	6.0
2431.0	3.0
2432.0	2.0
2433.0	3.0
2434.0	3.0
2435.0	4.0
2437.0	2.0
2438.0	4.0
2439.0	1.0
2441.0	2.0
2442.0	5.0
2443.0	5.0
2444.0	4.0
2445.0	1.0
2446.0	4.0
2447.0	1.0
2448.0	2.0
2452.0	3.0
2453.0	2.0
2454.0	1.0
2455.0	2.0
2456.0	1.0
2458.0	2.0
2459.0	4.0
2460.0	1.0
2461.0	1.0
2462.0	2.0
2463.0	2.0
2465.0	1.0
2466.0	2.0
2469.0	2.0
2470.0	3.0
2471.0	1.0
2472.0	2.0
2473.0	3.0
2474.0	3.0
2476.0	1.0
2477.0	4.0
2479.0	2.0
2480.0	2.0
2482.0	1.0
2483.0	3.0
2484.0	4.0
2485.0	4.0
2486.0	3.0
2487.0	1.0
2488.0	2.0
2490.0	2.0
2491.0	2.0
2492.0	2.0
2493.0	4.0
2494.0	2.0
2495.0	3.0
2496.0	2.0
2498.0	7.0
2499.0	2.0
2500.0	3.0
2502.0	1.0
2503.0	1.0
2504.0	2.0
2505.0	2.0
2506.0	3.0
2507.0	2.0
2508.0	2.0
2509.0	1.0
2510.0	3.0
2512.0	1.0
2513.0	1.0
2514.0	2.0
2515.0	1.0
2517.0	2.0
2518.0	1.0
2519.0	1.0
2523.0	2.0
2524.0	2.0
2526.0	1.0
2527.0	2.0
2528.0	6.0
2529.0	1.0
2530.0	1.0
2531.0	2.0
2532.0	2.0
2533.0	2.0
2534.0	4.0
2535.0	2.0
2536.0	2.0
2538.0	3.0
2539.0	4.0
2540.0	2.0
2543.0	2.0
2544.0	2.0
2545.0	1.0
2546.0	1.0
2548.0	1.0
2549.0	4.0
2550.0	2.0
2551.0	1.0
2554.0	1.0
2555.0	1.0
2556.0	3.0
2557.0	3.0
2559.0	1.0
2563.0	2.0
2564.0	1.0
2565.0	1.0
2568.0	1.0
2569.0	3.0
2570.0	2.0
2573.0	1.0
2574.0	1.0
2575.0	3.0
2576.0	5.0
2577.0	2.0
2578.0	2.0
2579.0	4.0
2580.0	1.0
2581.0	2.0
2582.0	2.0
2583.0	1.0
2584.0	5.0
2585.0	4.0
2586.0	1.0
2587.0	3.0
2588.0	1.0
2589.0	5.0
2590.0	1.0
2591.0	6.0
2592.0	1.0
2593.0	3.0
2595.0	1.0
2596.0	3.0
2597.0	3.0
2598.0	2.0
2599.0	3.0
2600.0	1.0
2601.0	1.0
2602.0	1.0
2603.0	1.0
2604.0	3.0
2605.0	3.0
2606.0	3.0
2607.0	1.0
2609.0	1.0
2610.0	2.0
2611.0	1.0
2612.0	1.0
2614.0	1.0
2617.0	1.0
2618.0	1.0
2619.0	3.0
2622.0	1.0
2623.0	1.0
2624.0	2.0
2625.0	2.0
2626.0	3.0
2631.0	1.0
2632.0	2.0
2633.0	1.0
2634.0	3.0
2635.0	1.0
2636.0	1.0
2637.0	1.0
2640.0	3.0
2641.0	1.0
2642.0	1.0
2643.0	2.0
2645.0	2.0
2646.0	3.0
2647.0	1.0
2649.0	1.0
2651.0	2.0
2652.0	2.0
2653.0	2.0
2654.0	3.0
2655.0	2.0
2656.0	1.0
2660.0	2.0
2661.0	2.0
2662.0	6.0
2663.0	1.0
2664.0	1.0
2665.0	1.0
2667.0	1.0
2668.0	3.0
2670.0	1.0
2673.0	1.0
2674.0	1.0
2675.0	4.0
2676.0	1.0
2678.0	2.0
2679.0	1.0
2680.0	2.0
2684.0	2.0
2686.0	2.0
2687.0	1.0
2688.0	1.0
2689.0	1.0
2690.0	1.0
2691.0	1.0
2692.0	2.0
2693.0	1.0
2694.0	3.0
2695.0	1.0
2696.0	1.0
2697.0	1.0
2699.0	1.0
2701.0	1.0
2702.0	1.0
2703.0	1.0
2704.0	2.0
2707.0	2.0
2708.0	3.0
2715.0	3.0
2718.0	1.0
2720.0	1.0
2721.0	1.0
2722.0	1.0
2723.0	2.0
2727.0	1.0
2728.0	1.0
2730.0	1.0
2733.0	2.0
2734.0	2.0
2735.0	2.0
2736.0	1.0
2737.0	3.0
2738.0	1.0
2739.0	2.0
2741.0	1.0
2742.0	1.0
2743.0	2.0
2744.0	1.0
2746.0	2.0
2747.0	1.0
2749.0	2.0
2750.0	1.0
2751.0	1.0
2752.0	4.0
2753.0	1.0
2754.0	1.0
2756.0	1.0
2757.0	1.0
2758.0	1.0
2759.0	1.0
2760.0	1.0
2761.0	3.0
2762.0	2.0
2764.0	2.0
2765.0	1.0
2768.0	1.0
2769.0	2.0
2770.0	2.0
2771.0	1.0
2773.0	1.0
2774.0	1.0
2775.0	3.0
2776.0	1.0
2778.0	1.0
2780.0	1.0
2782.0	1.0
2784.0	2.0
2785.0	1.0
2786.0	1.0
2787.0	1.0
2788.0	1.0
2789.0	1.0
2790.0	1.0
2791.0	1.0
2792.0	1.0
2793.0	2.0
2794.0	2.0
2795.0	1.0
2796.0	1.0
2798.0	3.0
2801.0	2.0
2802.0	1.0
2805.0	1.0
2807.0	2.0
2809.0	1.0
2813.0	1.0
2814.0	1.0
2819.0	1.0
2820.0	1.0
2821.0	1.0
2822.0	1.0
2824.0	1.0
2825.0	1.0
2827.0	4.0
2830.0	2.0
2833.0	2.0
2834.0	1.0
2835.0	1.0
2836.0	1.0
2839.0	1.0
2840.0	2.0
2842.0	1.0
2843.0	1.0
2845.0	1.0
2848.0	2.0
2849.0	1.0
2850.0	2.0
2852.0	1.0
2854.0	2.0
2857.0	2.0
2863.0	1.0
2864.0	1.0
2867.0	1.0
2868.0	2.0
2869.0	2.0
2870.0	1.0
2874.0	3.0
2875.0	1.0
2876.0	1.0
2877.0	1.0
2879.0	1.0
2880.0	2.0
2882.0	2.0
2883.0	2.0
2884.0	2.0
2885.0	1.0
2887.0	4.0
2888.0	2.0
2889.0	1.0
2892.0	1.0
2893.0	1.0
2900.0	1.0
2901.0	1.0
2903.0	2.0
2904.0	1.0
2905.0	2.0
2907.0	2.0
2908.0	3.0
2909.0	3.0
2911.0	1.0
2912.0	4.0
2913.0	1.0
2914.0	2.0
2915.0	1.0
2916.0	1.0
2917.0	4.0
2920.0	1.0
2922.0	2.0
2923.0	1.0
2924.0	1.0
2926.0	2.0
2927.0	1.0
2928.0	1.0
2931.0	1.0
2932.0	1.0
2933.0	1.0
2936.0	2.0
2937.0	1.0
2938.0	1.0
2939.0	1.0
2940.0	1.0
2941.0	1.0
2942.0	1.0
2944.0	1.0
2945.0	1.0
2947.0	2.0
2955.0	2.0
2960.0	1.0
2977.0	3.0
2979.0	1.0
2980.0	1.0
2982.0	1.0
2983.0	1.0
2985.0	1.0
2986.0	1.0
2987.0	1.0
2989.0	2.0
2993.0	1.0
2994.0	1.0
2998.0	3.0
2999.0	1.0
3000.0	1.0
3001.0	3.0
3004.0	1.0
3005.0	1.0
3006.0	1.0
3008.0	1.0
3009.0	1.0
3010.0	2.0
3012.0	2.0
3013.0	1.0
3014.0	2.0
3015.0	2.0
3016.0	1.0
3018.0	2.0
3019.0	1.0
3020.0	1.0
3023.0	2.0
3025.0	1.0
3026.0	2.0
3028.0	1.0
3029.0	1.0
3030.0	2.0
3032.0	1.0
3034.0	1.0
3037.0	2.0
3038.0	1.0
3043.0	2.0
3044.0	1.0
3045.0	1.0
3047.0	2.0
3048.0	1.0
3049.0	3.0
3050.0	2.0
3052.0	1.0
3053.0	2.0
3054.0	1.0
3055.0	2.0
3057.0	1.0
3058.0	1.0
3061.0	2.0
3062.0	1.0
3068.0	1.0
3075.0	1.0
3081.0	1.0
3082.0	1.0
3084.0	1.0
3088.0	2.0
3090.0	1.0
3095.0	1.0
3096.0	1.0
3100.0	1.0
3101.0	1.0
3102.0	1.0
3103.0	2.0
3107.0	2.0
3114.0	1.0
3125.0	2.0
3129.0	1.0
3132.0	1.0
3135.0	1.0
3138.0	1.0
3142.0	2.0
3143.0	1.0
3144.0	1.0
3145.0	1.0
3146.0	2.0
3148.0	1.0
3149.0	3.0
3150.0	3.0
3152.0	1.0
3154.0	1.0
3156.0	2.0
3157.0	2.0
3158.0	14.0
3162.0	1.0
3172.0	1.0
3179.0	1.0
3193.0	1.0
3198.0	1.0
3210.0	1.0
3211.0	1.0
3218.0	1.0
3219.0	1.0
3220.0	1.0
3224.0	1.0
3228.0	1.0
3229.0	1.0
3230.0	1.0
3231.0	1.0
3232.0	1.0
3234.0	1.0
3236.0	1.0
3238.0	2.0
3239.0	1.0
3240.0	1.0
3241.0	3.0
3242.0	1.0
3243.0	2.0
3244.0	2.0
3245.0	1.0
3246.0	1.0
3247.0	1.0
3248.0	1.0
3249.0	1.0
3250.0	1.0
3252.0	1.0
3253.0	1.0
3256.0	3.0
3259.0	2.0
3262.0	1.0
3263.0	1.0
3265.0	1.0
3266.0	2.0
3274.0	1.0
3277.0	2.0
3280.0	2.0
3281.0	1.0
3283.0	1.0
3284.0	2.0
3285.0	2.0
3286.0	2.0
3287.0	1.0
3289.0	1.0
3291.0	1.0
3293.0	2.0
3298.0	1.0
3299.0	2.0
3304.0	2.0
3312.0	1.0
3313.0	1.0
3317.0	1.0
3320.0	1.0
3322.0	1.0
3323.0	2.0
3324.0	2.0
3328.0	1.0
3329.0	1.0
3330.0	1.0
3335.0	1.0
3336.0	1.0
3339.0	1.0
3341.0	1.0
3342.0	2.0
3347.0	1.0
3348.0	1.0
3352.0	2.0
3353.0	1.0
3356.0	4.0
3365.0	1.0
3366.0	1.0
3369.0	1.0
3370.0	1.0
3373.0	1.0
3377.0	1.0
3382.0	1.0
3384.0	1.0
3386.0	1.0
3393.0	2.0
3397.0	1.0
3398.0	1.0
3399.0	1.0
3400.0	2.0
3403.0	1.0
3412.0	1.0
3417.0	1.0
3419.0	1.0
3420.0	1.0
3425.0	1.0
3428.0	1.0
3433.0	1.0
3438.0	1.0
3445.0	1.0
3452.0	2.0
3456.0	1.0
3457.0	2.0
3459.0	1.0
3461.0	2.0
3464.0	1.0
3465.0	1.0
3467.0	1.0
3469.0	1.0
3473.0	1.0
3474.0	1.0
3475.0	1.0
3476.0	1.0
3477.0	2.0
3478.0	1.0
3482.0	1.0
3485.0	1.0
3486.0	2.0
3489.0	1.0
3493.0	1.0
3498.0	1.0
3501.0	2.0
3502.0	1.0
3503.0	1.0
3505.0	1.0
3508.0	1.0
3509.0	1.0
3510.0	1.0
3512.0	1.0
3516.0	2.0
3517.0	1.0
3519.0	2.0
3523.0	4.0
3524.0	2.0
3525.0	2.0
3529.0	2.0
3530.0	16.0
3533.0	1.0
3534.0	1.0
3542.0	1.0
3545.0	1.0
3548.0	1.0
3559.0	2.0
3560.0	1.0
3574.0	1.0
3576.0	1.0
3577.0	1.0
3584.0	1.0
3591.0	2.0
3592.0	1.0
3593.0	1.0
3596.0	1.0
3605.0	1.0
3606.0	1.0
3610.0	2.0
3611.0	1.0
3612.0	16.0
3637.0	1.0
3649.0	1.0
3653.0	1.0
3660.0	1.0
3661.0	17.0
3678.0	1.0
3698.0	1.0
3706.0	1.0
3725.0	1.0
3740.0	1.0
3742.0	1.0
3767.0	1.0
3784.0	1.0
3829.0	1.0
3831.0	1.0
3848.0	1.0
3854.0	1.0
3860.0	1.0
3888.0	1.0
3912.0	1.0
3925.0	1.0
3957.0	1.0
4010.0	1.0
4055.0	1.0
4065.0	1.0
4096.0	1.0
4141.0	1.0
4170.0	1.0
4204.0	1.0
4253.0	1.0
4290.0	1.0
4334.0	1.0
4390.0	1.0
4423.0	1.0
4456.0	1.0
4478.0	1.0
4519.0	1.0
4561.0	1.0
4611.0	1.0
4634.0	1.0
4635.0	1.0
4639.0	1.0
4670.0	1.0
4691.0	1.0
4712.0	1.0
4718.0	1.0
4723.0	1.0
4726.0	1.0
4782.0	1.0
4794.0	1.0
4813.0	1.0
4851.0	1.0
4871.0	1.0
4889.0	1.0
4900.0	1.0
4922.0	19.0
4930.0	1.0
4971.0	1.0
4992.0	1.0
5006.0	1.0
5008.0	1.0
5041.0	1.0
5048.0	1.0
5049.0	1.0
5058.0	1.0
5060.0	1.0
5067.0	1.0
5069.0	2.0
5085.0	2.0
5107.0	1.0
5117.0	1.0
5149.0	1.0
5155.0	1.0
5182.0	1.0
5190.0	2.0
5195.0	1.0
5199.0	1.0
5211.0	1.0
5219.0	1.0
5227.0	1.0
5229.0	1.0
5231.0	1.0
5250.0	1.0
5255.0	1.0
5271.0	2.0
5272.0	15.0
5286.0	1.0
5294.0	1.0
5309.0	1.0
5321.0	1.0
5333.0	1.0
5366.0	1.0
5381.0	1.0
5395.0	1.0
5431.0	1.0
5444.0	1.0
5490.0	1.0
5495.0	1.0
5550.0	1.0
5586.0	1.0
5651.0	1.0
5670.0	1.0
5677.0	1.0
5696.0	1.0
5697.0	1.0
5733.0	1.0
5758.0	1.0
5772.0	1.0
5788.0	1.0
5806.0	1.0
5833.0	1.0
5837.0	1.0
5861.0	1.0
5872.0	1.0
5878.0	1.0
5888.0	1.0
5910.0	1.0
5937.0	1.0
5953.0	1.0
5983.0	1.0
5991.0	1.0
5995.0	1.0
6015.0	1.0
6079.0	1.0
6080.0	1.0
6126.0	1.0
6164.0	1.0
6178.0	1.0
6196.0	1.0
6251.0	1.0
6252.0	1.0
6304.0	1.0
6317.0	1.0
6332.0	1.0
6356.0	1.0
6386.0	1.0
6398.0	1.0
6416.0	1.0
6424.0	1.0
6435.0	1.0
6461.0	1.0
6468.0	1.0
6481.0	1.0
6490.0	1.0
6511.0	1.0
6521.0	1.0
6527.0	1.0
6529.0	1.0
6533.0	1.0
6543.0	1.0
6568.0	1.0
6599.0	1.0
6617.0	1.0
6631.0	1.0
6633.0	1.0
6638.0	1.0
6667.0	1.0
6673.0	1.0
6686.0	1.0
6692.0	1.0
6695.0	1.0
6696.0	1.0
6718.0	1.0
6719.0	1.0
6732.0	1.0
6765.0	1.0
6770.0	1.0
6794.0	1.0
6812.0	1.0
6814.0	1.0
6819.0	1.0
6829.0	1.0
6840.0	1.0
6842.0	1.0
6845.0	2.0
6850.0	1.0
6851.0	1.0
6855.0	1.0
6857.0	1.0
6859.0	1.0
6860.0	1.0
6864.0	1.0
6865.0	1.0
6876.0	1.0
6877.0	1.0
6882.0	1.0
6884.0	1.0
6899.0	1.0
6900.0	2.0
6903.0	2.0
6909.0	1.0
6919.0	1.0
6920.0	1.0
6923.0	2.0
6926.0	1.0
6928.0	1.0
6933.0	1.0
6934.0	1.0
6935.0	2.0
6939.0	2.0
6951.0	1.0
6980.0	1.0
7005.0	1.0
7017.0	1.0
7034.0	1.0
7038.0	1.0
7040.0	1.0
7073.0	1.0
7077.0	1.0
7085.0	1.0
7088.0	1.0
7092.0	2.0
7093.0	1.0
7096.0	1.0
7104.0	1.0
7108.0	1.0
7135.0	1.0
7136.0	1.0
7141.0	1.0
7147.0	1.0
7157.0	1.0
7161.0	1.0
7168.0	1.0
7179.0	1.0
7182.0	1.0
7199.0	1.0
7204.0	1.0
7216.0	1.0
7225.0	1.0
7227.0	1.0
7233.0	1.0
7239.0	1.0
7243.0	1.0
7244.0	1.0
7246.0	1.0
7264.0	1.0
7274.0	1.0
7275.0	1.0
7277.0	1.0
7280.0	1.0
7282.0	1.0
7284.0	2.0
7287.0	1.0
7289.0	1.0
7291.0	1.0
7293.0	1.0
7295.0	1.0
7306.0	1.0
7307.0	1.0
7308.0	1.0
7310.0	1.0
7315.0	1.0
7319.0	1.0
7323.0	1.0
7324.0	2.0
7325.0	1.0
7329.0	2.0
7330.0	1.0
7331.0	1.0
7332.0	2.0
7338.0	1.0
7342.0	2.0
7347.0	2.0
7350.0	1.0
7387.0	1.0
7563.0	19.0
7618.0	1.0
7742.0	1.0
7900.0	1.0
7975.0	1.0
8199.0	1.0
8280.0	1.0
8356.0	1.0
8495.0	1.0
8669.0	1.0
8716.0	1.0
8947.0	1.0
9030.0	1.0
9274.0	1.0
9302.0	1.0
9329.0	1.0
9397.0	1.0
9436.0	1.0
9486.0	1.0
9519.0	1.0
9652.0	1.0
9838.0	1.0
10009.0	1.0
10016.0	1.0
10190.0	1.0
10391.0	1.0
10480.0	1.0
10619.0	1.0
10700.0	1.0
10816.0	1.0
11027.0	1.0
11058.0	1.0
11451.0	1.0
11558.0	1.0
11666.0	1.0
11676.0	1.0
11743.0	1.0
11803.0	1.0
11824.0	1.0
11849.0	1.0
11998.0	1.0
12033.0	1.0
12120.0	1.0
12192.0	1.0
12223.0	1.0
12299.0	1.0
12346.0	1.0
12349.0	1.0
12407.0	1.0
12429.0	1.0
12487.0	1.0
12503.0	1.0
12550.0	1.0
12617.0	1.0
12637.0	1.0
12669.0	1.0
12730.0	1.0
12735.0	1.0
12772.0	1.0
12803.0	1.0
12806.0	1.0
12866.0	1.0
12872.0	1.0
12908.0	2.0
12940.0	1.0
12954.0	1.0
12968.0	1.0
12973.0	1.0
12979.0	1.0
12982.0	1.0
12995.0	1.0
13012.0	1.0
13015.0	1.0
13020.0	1.0
13024.0	1.0
13027.0	2.0
13033.0	1.0
13040.0	1.0
13061.0	1.0
13062.0	1.0
13063.0	1.0
13083.0	1.0
13088.0	1.0
13094.0	1.0
13116.0	1.0
13122.0	1.0
13126.0	1.0
13129.0	1.0
13134.0	1.0
13149.0	1.0
13151.0	1.0
13167.0	1.0
13181.0	1.0
13182.0	1.0
13183.0	1.0
13188.0	1.0
13192.0	1.0
13201.0	1.0
13224.0	1.0
13247.0	1.0
13250.0	1.0
13254.0	1.0
13269.0	1.0
13278.0	1.0
13286.0	1.0
13289.0	1.0
13294.0	1.0
13302.0	2.0
13317.0	1.0
13319.0	1.0
13320.0	1.0
13322.0	1.0
13323.0	1.0
13324.0	1.0
13325.0	4.0
13326.0	12.0
13328.0	2.0
13331.0	1.0
13334.0	1.0
15732.0	1.0
16973.0	1.0
17914.0	1.0
19243.0	1.0
19922.0	1.0
20170.0	1.0
20445.0	1.0
21020.0	1.0
21846.0	1.0
22489.0	1.0
22785.0	1.0
23173.0	1.0
23363.0	1.0
23803.0	1.0
24160.0	1.0
24257.0	1.0
24429.0	1.0
24839.0	1.0
25480.0	1.0
26039.0	1.0
27093.0	1.0
27501.0	1.0
28019.0	1.0
28187.0	1.0
28664.0	1.0
28820.0	1.0
30016.0	1.0
31040.0	1.0
31733.0	1.0
32033.0	1.0
32472.0	1.0
34750.0	1.0
35752.0	1.0
36746.0	1.0
37375.0	1.0
37823.0	1.0
38040.0	1.0
38410.0	1.0
38810.0	1.0
38989.0	1.0
39593.0	1.0
39708.0	1.0
40181.0	1.0
40845.0	1.0
40884.0	1.0
41393.0	1.0
41444.0	1.0
41769.0	1.0
41786.0	1.0
42233.0	1.0
42310.0	1.0
42908.0	1.0
42963.0	1.0
43821.0	1.0
44651.0	1.0
44787.0	1.0
45654.0	1.0
45669.0	1.0
46253.0	1.0
46330.0	1.0
46552.0	1.0
46712.0	1.0
47162.0	1.0
47263.0	1.0
47832.0	1.0
48002.0	1.0
48388.0	1.0
48979.0	1.0
49249.0	1.0
49583.0	1.0
49598.0	1.0
49972.0	1.0
50039.0	1.0
50711.0	1.0
50773.0	1.0
51113.0	1.0
51772.0	1.0
52064.0	1.0
52602.0	1.0
53556.0	1.0
53740.0	1.0
54391.0	1.0
54434.0	1.0
55338.0	1.0
55578.0	1.0
55837.0	1.0
55980.0	1.0
56066.0	1.0
56440.0	1.0
56528.0	1.0
56898.0	1.0
57187.0	1.0
57291.0	1.0
58090.0	1.0
58375.0	1.0
58759.0	1.0
58818.0	1.0
59407.0	1.0
59637.0	1.0
60417.0	1.0
60616.0	1.0
61380.0	1.0
61694.0	1.0
62389.0	1.0
62507.0	1.0
62637.0	1.0
62810.0	1.0
62964.0	1.0
63398.0	1.0
63788.0	1.0
64109.0	1.0
64271.0	1.0
65453.0	1.0
65761.0	1.0
66074.0	1.0
66463.0	1.0
66617.0	1.0
66836.0	1.0
66841.0	1.0
67181.0	1.0
67324.0	1.0
67456.0	1.0
67596.0	1.0
67858.0	1.0
67902.0	1.0
68701.0	1.0
68777.0	1.0
68802.0	1.0
68955.0	1.0
69165.0	1.0
69562.0	1.0
69677.0	1.0
69889.0	1.0
70018.0	1.0
70047.0	1.0
70688.0	1.0
71165.0	1.0
71639.0	1.0
72499.0	1.0
73422.0	1.0
75036.0	1.0
75303.0	1.0
75637.0	1.0
76199.0	1.0
76363.0	1.0
76867.0	1.0
77052.0	1.0
77546.0	1.0
78037.0	1.0
78712.0	1.0
79141.0	1.0
79336.0	1.0
79624.0	1.0
79669.0	1.0
80420.0	1.0
80479.0	1.0
80787.0	1.0
80858.0	1.0
81011.0	1.0
81541.0	1.0
83283.0	1.0
83335.0	1.0
84200.0	1.0
84388.0	1.0
85214.0	1.0
85575.0	1.0
85844.0	1.0
86126.0	1.0
86237.0	1.0
86328.0	1.0
87140.0	1.0
87410.0	1.0
87577.0	1.0
87843.0	1.0
87907.0	1.0
89583.0	1.0
90055.0	1.0
90426.0	1.0
90695.0	1.0
91308.0	1.0
91367.0	1.0
91416.0	1.0
91816.0	1.0
91825.0	1.0
92503.0	1.0
92720.0	1.0
92885.0	1.0
93136.0	1.0
93310.0	1.0
93507.0	1.0
93601.0	1.0
93675.0	1.0
93691.0	1.0
93999.0	1.0
94006.0	1.0
94129.0	1.0
94218.0	1.0
94283.0	1.0
94389.0	1.0
94474.0	1.0
94718.0	1.0
94733.0	1.0
94828.0	1.0
94868.0	1.0
94951.0	1.0
95112.0	1.0
95129.0	1.0
95347.0	1.0
95435.0	1.0
95497.0	1.0
95870.0	1.0
96188.0	1.0
96380.0	2.0
96726.0	1.0
96937.0	1.0
97304.0	1.0
97605.0	1.0
97719.0	1.0
97939.0	1.0
98027.0	1.0
98067.0	1.0
98144.0	1.0
98153.0	1.0
98263.0	1.0
98280.0	1.0
98282.0	1.0
98535.0	1.0
98586.0	1.0
98771.0	1.0
98837.0	1.0
98926.0	1.0
98977.0	1.0
98987.0	1.0
99074.0	1.0
99141.0	1.0
99151.0	1.0
99274.0	1.0
99420.0	1.0
99435.0	1.0
99466.0	1.0
99767.0	1.0
99892.0	1.0
100116.0	1.0
100200.0	1.0
100230.0	1.0
100371.0	1.0
100488.0	1.0
100507.0	1.0
100555.0	1.0
100715.0	1.0
100726.0	1.0
100754.0	1.0
100773.0	2.0
100789.0	1.0
100864.0	1.0
100913.0	1.0
100915.0	1.0
100943.0	1.0
101005.0	1.0
101006.0	1.0
101121.0	1.0
101254.0	1.0
101280.0	1.0
101339.0	1.0
101405.0	1.0
101436.0	1.0
101519.0	1.0
101522.0	1.0
101533.0	1.0
101541.0	1.0
101545.0	1.0
101551.0	1.0
101623.0	1.0
101639.0	1.0
101679.0	1.0
101698.0	1.0
101749.0	1.0
101754.0	1.0
101759.0	1.0
101798.0	1.0
101799.0	1.0
101824.0	1.0
101958.0	1.0
101983.0	1.0
102043.0	1.0
102056.0	1.0
102067.0	1.0
102096.0	1.0
102110.0	1.0
102138.0	1.0
102722.0	1.0
102724.0	1.0
103635.0	1.0
103674.0	1.0
103693.0	1.0
103831.0	1.0
103931.0	1.0
103974.0	1.0
104084.0	1.0
104201.0	1.0
104205.0	1.0
104216.0	1.0
104225.0	1.0
104230.0	1.0
104251.0	1.0
104410.0	1.0
104550.0	1.0
104568.0	1.0
104606.0	1.0
104625.0	1.0
104639.0	1.0
104779.0	1.0
104887.0	1.0
104904.0	1.0
104969.0	1.0
105042.0	1.0
105069.0	1.0
105085.0	1.0
105197.0	1.0
105411.0	1.0
105447.0	1.0
105458.0	1.0
105498.0	1.0
105506.0	1.0
105599.0	1.0
105621.0	1.0
105845.0	1.0
105885.0	1.0
105891.0	1.0
105904.0	1.0
106092.0	1.0
106103.0	1.0
106109.0	1.0
106128.0	1.0
106258.0	1.0
106281.0	1.0
106372.0	1.0
106396.0	1.0
106476.0	1.0
106527.0	1.0
106554.0	1.0
106592.0	1.0
106616.0	1.0
106729.0	1.0
106786.0	1.0
106792.0	1.0
106797.0	1.0
107150.0	1.0
107226.0	1.0
107232.0	1.0
107299.0	1.0
107657.0	1.0
107724.0	1.0
107942.0	1.0
108035.0	1.0
108063.0	1.0
108176.0	1.0
108292.0	1.0
108408.0	1.0
108473.0	1.0
108665.0	1.0
108708.0	1.0
109258.0	1.0
109286.0	1.0
109376.0	1.0
109482.0	1.0
109505.0	1.0
109680.0	1.0
109695.0	1.0
109795.0	1.0
109813.0	1.0
109875.0	1.0
110083.0	1.0
110178.0	1.0
110228.0	1.0
110334.0	1.0
110481.0	1.0
110539.0	1.0
110554.0	1.0
110570.0	1.0
110621.0	1.0
110685.0	1.0
110866.0	1.0
110924.0	1.0
110934.0	1.0
111089.0	1.0
111109.0	1.0
111405.0	1.0
111489.0	1.0
111593.0	1.0
111602.0	1.0
111638.0	1.0
111853.0	1.0
111941.0	1.0
111957.0	1.0
112061.0	1.0
112228.0	1.0
112243.0	1.0
112248.0	1.0
112274.0	1.0
112275.0	1.0
112408.0	1.0
112450.0	1.0
112608.0	1.0
112660.0	1.0
112765.0	1.0
112784.0	1.0
112955.0	1.0
112963.0	1.0
112968.0	1.0
113031.0	1.0
113043.0	1.0
113047.0	1.0
113118.0	1.0
113129.0	1.0
113196.0	1.0
113251.0	1.0
113297.0	1.0
113463.0	1.0
113467.0	1.0
113468.0	1.0
113485.0	1.0
113571.0	1.0
113663.0	1.0
113687.0	1.0
113702.0	1.0
113724.0	1.0
113746.0	1.0
113782.0	1.0
113850.0	1.0
113956.0	1.0
114129.0	1.0
114167.0	1.0
114172.0	1.0
114383.0	1.0
114398.0	1.0
114451.0	1.0
