#Insert size (bp)	insert size
2.0	337.0
3.0	265.0
4.0	279.0
5.0	369.0
6.0	326.0
7.0	310.0
8.0	271.0
9.0	287.0
10.0	293.0
11.0	299.0
12.0	751.0
13.0	245.0
14.0	301.0
15.0	242.0
16.0	638.0
17.0	342.0
18.0	352.0
19.0	16628.0
20.0	15572.0
21.0	16816.0
22.0	3876.0
23.0	2902.0
24.0	1778.0
25.0	1708.0
26.0	683.0
27.0	634.0
28.0	676.0
29.0	567.0
30.0	648.0
31.0	714.0
32.0	788.0
33.0	854.0
34.0	910.0
35.0	972.0
36.0	1162.0
37.0	1174.0
38.0	1336.0
39.0	1484.0
40.0	1409.0
41.0	1553.0
42.0	1794.0
43.0	1794.0
44.0	1963.0
45.0	1956.0
46.0	2056.0
47.0	2110.0
48.0	2214.0
49.0	2356.0
50.0	2330.0
51.0	2471.0
52.0	2556.0
53.0	2789.0
54.0	2749.0
55.0	2739.0
56.0	2825.0
57.0	2952.0
58.0	3127.0
59.0	3055.0
60.0	3120.0
61.0	3213.0
62.0	3315.0
63.0	3289.0
64.0	3431.0
65.0	3497.0
66.0	3541.0
67.0	3695.0
68.0	3727.0
69.0	3743.0
70.0	3897.0
71.0	3811.0
72.0	3952.0
73.0	4046.0
74.0	4159.0
75.0	4138.0
76.0	4078.0
77.0	4126.0
78.0	4280.0
79.0	4316.0
80.0	4348.0
81.0	4415.0
82.0	4457.0
83.0	4581.0
84.0	4819.0
85.0	4807.0
86.0	4714.0
87.0	4681.0
88.0	4816.0
89.0	4993.0
90.0	5046.0
91.0	4951.0
92.0	5094.0
93.0	5110.0
94.0	5121.0
95.0	5340.0
96.0	5498.0
97.0	5483.0
98.0	5280.0
99.0	5451.0
100.0	5366.0
101.0	5417.0
102.0	5527.0
103.0	5495.0
104.0	5703.0
105.0	5607.0
106.0	5660.0
107.0	6077.0
108.0	5976.0
109.0	5871.0
110.0	6056.0
111.0	5761.0
112.0	6010.0
113.0	5920.0
114.0	6254.0
115.0	6147.0
116.0	6157.0
117.0	6289.0
118.0	6126.0
119.0	6360.0
120.0	6268.0
121.0	6384.0
122.0	6441.0
123.0	6437.0
124.0	6351.0
125.0	6282.0
126.0	6343.0
127.0	6224.0
128.0	6381.0
129.0	6503.0
130.0	6903.0
131.0	6552.0
132.0	6584.0
133.0	6664.0
134.0	6474.0
135.0	6701.0
136.0	6494.0
137.0	6492.0
138.0	6856.0
139.0	6669.0
140.0	6696.0
141.0	6624.0
142.0	6676.0
143.0	6911.0
144.0	6801.0
145.0	6824.0
146.0	6775.0
147.0	6828.0
148.0	6709.0
149.0	6824.0
150.0	6664.0
151.0	6814.0
152.0	6769.0
153.0	6652.0
154.0	6789.0
155.0	6782.0
156.0	6767.0
157.0	6672.0
158.0	6896.0
159.0	6761.0
160.0	6709.0
161.0	6761.0
162.0	6711.0
163.0	6958.0
164.0	6931.0
165.0	6769.0
166.0	6829.0
167.0	6746.0
168.0	6912.0
169.0	7037.0
170.0	6737.0
171.0	7067.0
172.0	6645.0
173.0	6842.0
174.0	6864.0
175.0	6992.0
176.0	6849.0
177.0	6897.0
178.0	6981.0
179.0	6843.0
180.0	7045.0
181.0	7197.0
182.0	7010.0
183.0	6700.0
184.0	6868.0
185.0	6846.0
186.0	6768.0
187.0	6981.0
188.0	6889.0
189.0	6923.0
190.0	6840.0
191.0	6855.0
192.0	6918.0
193.0	6790.0
194.0	7093.0
195.0	6985.0
196.0	6916.0
197.0	6893.0
198.0	6922.0
199.0	6825.0
200.0	6722.0
201.0	7035.0
202.0	7076.0
203.0	6783.0
204.0	6940.0
205.0	6961.0
206.0	6807.0
207.0	6783.0
208.0	6980.0
209.0	6892.0
210.0	6716.0
211.0	6732.0
212.0	6621.0
213.0	6688.0
214.0	6775.0
215.0	6737.0
216.0	6619.0
217.0	6737.0
218.0	6695.0
219.0	6577.0
220.0	6691.0
221.0	6702.0
222.0	6744.0
223.0	6649.0
224.0	6703.0
225.0	6721.0
226.0	6596.0
227.0	6628.0
228.0	6584.0
229.0	6629.0
230.0	6591.0
231.0	6558.0
232.0	6513.0
233.0	6571.0
234.0	6430.0
235.0	6359.0
236.0	6506.0
237.0	6530.0
238.0	6507.0
239.0	6462.0
240.0	6270.0
241.0	6255.0
242.0	6426.0
243.0	6322.0
244.0	6342.0
245.0	6330.0
246.0	6164.0
247.0	6139.0
248.0	6229.0
249.0	6268.0
250.0	6097.0
251.0	6150.0
252.0	5992.0
253.0	6137.0
254.0	6034.0
255.0	6097.0
256.0	5945.0
257.0	5882.0
258.0	6064.0
259.0	6004.0
260.0	5865.0
261.0	5861.0
262.0	5980.0
263.0	5773.0
264.0	5915.0
265.0	5728.0
266.0	5869.0
267.0	5853.0
268.0	5610.0
269.0	5736.0
270.0	5795.0
271.0	5775.0
272.0	5640.0
273.0	5586.0
274.0	5746.0
275.0	5684.0
276.0	5599.0
277.0	5591.0
278.0	5492.0
279.0	5448.0
280.0	5519.0
281.0	5569.0
282.0	5273.0
283.0	5166.0
284.0	5360.0
285.0	5414.0
286.0	5106.0
287.0	5293.0
288.0	5140.0
289.0	5166.0
290.0	5155.0
291.0	5193.0
292.0	5024.0
293.0	5147.0
294.0	5135.0
295.0	5027.0
296.0	4918.0
297.0	4848.0
298.0	4941.0
299.0	4938.0
300.0	4820.0
301.0	4915.0
302.0	4884.0
303.0	4702.0
304.0	4893.0
305.0	4685.0
306.0	4744.0
307.0	4737.0
308.0	4730.0
309.0	4619.0
310.0	4570.0
311.0	4619.0
312.0	4451.0
313.0	4485.0
314.0	4483.0
315.0	4350.0
316.0	4563.0
317.0	4482.0
318.0	4423.0
319.0	4117.0
320.0	4308.0
321.0	4285.0
322.0	4093.0
323.0	4165.0
324.0	4307.0
325.0	4144.0
326.0	3967.0
327.0	4001.0
328.0	4092.0
329.0	3977.0
330.0	3881.0
331.0	3830.0
332.0	3877.0
333.0	3871.0
334.0	3829.0
335.0	3889.0
336.0	3739.0
337.0	3788.0
338.0	3827.0
339.0	3700.0
340.0	3661.0
341.0	3580.0
342.0	3715.0
343.0	3667.0
344.0	3517.0
345.0	3593.0
346.0	3622.0
347.0	3366.0
348.0	3601.0
349.0	3514.0
350.0	3488.0
351.0	3447.0
352.0	3383.0
353.0	3383.0
354.0	3290.0
355.0	3404.0
356.0	3065.0
357.0	3201.0
358.0	3131.0
359.0	3194.0
360.0	3123.0
361.0	3115.0
362.0	3194.0
363.0	3088.0
364.0	3126.0
365.0	2996.0
366.0	2999.0
367.0	2869.0
368.0	2970.0
369.0	2896.0
370.0	2840.0
371.0	2791.0
372.0	2933.0
373.0	2762.0
374.0	2694.0
375.0	2812.0
376.0	2720.0
377.0	2757.0
378.0	2593.0
379.0	2613.0
380.0	2554.0
381.0	2548.0
382.0	2612.0
383.0	2588.0
384.0	2488.0
385.0	2437.0
386.0	2468.0
387.0	2478.0
388.0	2550.0
389.0	2358.0
390.0	2382.0
391.0	2409.0
392.0	2315.0
393.0	2333.0
394.0	2308.0
395.0	2282.0
396.0	2240.0
397.0	2144.0
398.0	2168.0
399.0	2169.0
400.0	2164.0
401.0	2120.0
402.0	2132.0
403.0	2031.0
404.0	1990.0
405.0	2071.0
406.0	2026.0
407.0	2061.0
408.0	2059.0
409.0	1993.0
410.0	1985.0
411.0	1923.0
412.0	1845.0
413.0	1891.0
414.0	1797.0
415.0	1888.0
416.0	1769.0
417.0	1809.0
418.0	1814.0
419.0	1830.0
420.0	1734.0
421.0	1776.0
422.0	1737.0
423.0	1691.0
424.0	1614.0
425.0	1661.0
426.0	1659.0
427.0	1631.0
428.0	1658.0
429.0	1550.0
430.0	1603.0
431.0	1580.0
432.0	1516.0
433.0	1480.0
434.0	1536.0
435.0	1515.0
436.0	1564.0
437.0	1470.0
438.0	1437.0
439.0	1460.0
440.0	1422.0
441.0	1405.0
442.0	1422.0
443.0	1277.0
444.0	1338.0
445.0	1325.0
446.0	1289.0
447.0	1326.0
448.0	1272.0
449.0	1275.0
450.0	1248.0
451.0	1172.0
452.0	1256.0
453.0	1239.0
454.0	1172.0
455.0	1132.0
456.0	1162.0
457.0	1187.0
458.0	1149.0
459.0	1211.0
460.0	1093.0
461.0	1080.0
462.0	1047.0
463.0	1051.0
464.0	1102.0
465.0	1088.0
466.0	1058.0
467.0	1079.0
468.0	972.0
469.0	1004.0
470.0	968.0
471.0	982.0
472.0	978.0
473.0	1006.0
474.0	919.0
475.0	901.0
476.0	921.0
477.0	889.0
478.0	904.0
479.0	930.0
480.0	898.0
481.0	871.0
482.0	905.0
483.0	856.0
484.0	838.0
485.0	823.0
486.0	853.0
487.0	847.0
488.0	816.0
489.0	766.0
490.0	728.0
491.0	741.0
492.0	713.0
493.0	750.0
494.0	780.0
495.0	734.0
496.0	687.0
497.0	688.0
498.0	702.0
499.0	742.0
500.0	665.0
501.0	688.0
502.0	690.0
503.0	707.0
504.0	664.0
505.0	646.0
506.0	639.0
507.0	643.0
508.0	599.0
509.0	611.0
510.0	595.0
511.0	625.0
512.0	561.0
513.0	554.0
514.0	560.0
515.0	538.0
516.0	564.0
517.0	554.0
518.0	554.0
519.0	589.0
520.0	569.0
521.0	506.0
522.0	498.0
523.0	506.0
524.0	482.0
525.0	478.0
526.0	485.0
527.0	471.0
528.0	477.0
529.0	468.0
530.0	454.0
531.0	450.0
532.0	492.0
533.0	451.0
534.0	418.0
535.0	471.0
536.0	464.0
537.0	425.0
538.0	456.0
539.0	377.0
540.0	411.0
541.0	433.0
542.0	404.0
543.0	454.0
544.0	421.0
545.0	399.0
546.0	382.0
547.0	368.0
548.0	352.0
549.0	374.0
550.0	348.0
551.0	346.0
552.0	356.0
553.0	326.0
554.0	356.0
555.0	343.0
556.0	330.0
557.0	342.0
558.0	311.0
559.0	321.0
560.0	321.0
561.0	286.0
562.0	301.0
563.0	349.0
564.0	313.0
565.0	331.0
566.0	270.0
567.0	265.0
568.0	268.0
569.0	275.0
570.0	281.0
571.0	247.0
572.0	257.0
573.0	227.0
574.0	248.0
575.0	268.0
576.0	262.0
577.0	234.0
578.0	228.0
579.0	265.0
580.0	261.0
581.0	228.0
582.0	233.0
583.0	246.0
584.0	228.0
585.0	236.0
586.0	239.0
587.0	214.0
588.0	218.0
589.0	184.0
590.0	211.0
591.0	225.0
592.0	209.0
593.0	203.0
594.0	206.0
595.0	196.0
596.0	198.0
597.0	208.0
598.0	206.0
599.0	173.0
600.0	184.0
601.0	191.0
602.0	161.0
