#Position (bp)	insert size
3874904.0	228.75318275154004
1.1624711E7	234.3613285381849
1.9374518E7	229.61719670200236
2.7124325E7	229.94075546719682
3.4874132E7	230.57009345794393
4.2623939E7	232.6201337003539
5.0373746E7	232.44382486575796
5.8123553E7	233.51072414525376
6.587336E7	232.99978655282817
7.3623167E7	237.08920800696256
8.1372974E7	229.85862068965517
8.9122781E7	237.40305473058973
9.6872588E7	235.78937259923174
1.04622395E8	238.97418927862344
1.12372202E8	234.67515274949085
1.20122009E8	220.77693738375697
1.27871816E8	259.61844783715014
1.35621623E8	0.0
1.4337143E8	249.98577048224954
1.51121237E8	234.9508411623334
1.58871044E8	232.55179322781007
1.66620851E8	234.43483657426563
1.74370658E8	236.39889783806697
1.82120465E8	237.00484848484848
1.89870272E8	239.12788481897098
1.97620079E8	237.32397043294614
2.05369886E8	231.12904538978222
2.13119693E8	224.63196721311476
2.208695E8	232.67989084802687
2.28619307E8	231.61715223635616
2.36369114E8	233.87476596629915
2.44118921E8	232.92858670087662
2.484751235E8	233.547703180212
2.52350027E8	231.37214389888186
2.59618535E8	232.02542372881356
2.67368342E8	235.30619506069485
2.75118149E8	232.0016184503338
2.82867956E8	235.08890735355214
2.90617763E8	232.3710407239819
2.9836757E8	236.98628375482213
3.06117377E8	235.91352035435563
3.13867184E8	236.56157840083074
3.21616991E8	229.83832823649337
3.29366798E8	239.80341496292968
3.37116605E8	228.50246834084567
3.44866412E8	234.93070259865254
3.52616219E8	233.9057893612476
3.60366026E8	232.77598050077555
3.68115833E8	234.8564843913681
3.7586564E8	228.65552920888123
3.83615447E8	236.87617260787994
3.91365254E8	237.9278416347382
3.99115061E8	236.84508524521152
4.06864868E8	235.365737874097
4.14614675E8	218.7587668593449
4.22364482E8	232.98175855708138
4.30114289E8	236.74973600844774
4.37864096E8	235.48208955223882
4.45613903E8	235.01033537228432
4.5336371E8	235.09533721898418
4.61113517E8	238.54031413612566
4.68863324E8	230.15929203539824
4.76613131E8	236.2047866805411
4.84362938E8	223.68175555992914
4.896938965E8	226.72368421052633
4.935688E8	234.58074222668003
4.99862552E8	231.33126036484245
5.07612359E8	231.094918699187
5.15362166E8	235.18222411226876
5.23111973E8	217.58869432813094
5.3086178E8	232.55889570552148
5.38611587E8	231.4710976837865
5.46361394E8	230.14020408163265
5.54111201E8	234.41046712802768
5.61861008E8	232.44106776180698
5.69610815E8	238.5608020698577
5.77360622E8	236.67760279965003
5.85110429E8	181.20949264851322
5.92860236E8	235.1039685820587
6.00610043E8	238.43742151527834
6.0835985E8	237.36528177704648
6.16109657E8	232.00060072086504
6.23859464E8	233.7254942339374
6.31609271E8	232.89639185648056
6.39359078E8	240.7142556327648
6.47108885E8	236.9660691421255
6.54858692E8	238.08788340221884
6.62608499E8	237.74285714285713
6.70358306E8	235.60331825037707
6.78108113E8	233.87620242576327
6.857142635E8	216.3891339214114
6.89589167E8	239.646408839779
6.93607727E8	230.36435523114355
7.01357534E8	231.94139433551197
7.09107341E8	234.80073165483108
7.16857148E8	235.47535287730727
7.24606955E8	233.3510078878177
7.32356762E8	231.1625441696113
7.40106569E8	153.77000934288384
7.47856376E8	227.97077021548967
7.55606183E8	240.5164133068958
7.6335599E8	230.51047542304593
7.71105797E8	140.4043126684636
7.78855604E8	234.3191763191763
7.86605411E8	240.36994840928634
7.94355218E8	233.41314357471745
8.02105025E8	235.63290874921697
8.09854832E8	241.0941453999571
8.17604639E8	238.12076042341758
8.25354446E8	238.10715844609342
8.33104253E8	159.8448252227553
8.4085406E8	235.73548922056384
8.48603867E8	238.3864464936736
8.56353674E8	237.36564443491315
8.64103481E8	237.05065985525755
8.71853288E8	227.8288770053476
8.776941285E8	229.46802627030763
8.81569032E8	237.2017543859649
8.87352902E8	234.384
8.95102709E8	218.35692801283338
9.02852516E8	234.97196261682242
9.10602323E8	234.19619086627074
9.1835213E8	239.8209395407626
9.26101937E8	193.16194274319898
9.33851744E8	236.0486427795874
9.41601551E8	232.30497625438778
9.49351358E8	233.7302282683883
9.57101165E8	234.00366002440018
9.64850972E8	236.6969825754356
9.72600779E8	237.60464633893383
9.80350586E8	241.28981501169466
9.88100393E8	177.33629675045984
9.958502E8	236.8864729249425
1.003600007E9	240.3956253981737
1.011349814E9	234.71394085697042
1.019099621E9	232.26714946690808
1.026849428E9	231.27418699186993
1.034599235E9	235.59279316808997
1.042349042E9	235.22034256713894
1.050098849E9	231.0886177235447
1.0575860385E9	226.06627854903718
1.061460942E9	240.75498575498577
1.065598463E9	233.2927028128822
1.07334827E9	233.96188158961883
1.081098077E9	235.09902871621622
1.088847884E9	235.76412976943482
1.096597691E9	193.5268376068376
1.104347498E9	227.83974490845506
1.112097305E9	234.83848284679308
1.119847112E9	239.75025201612902
1.127596919E9	218.33970233306516
1.135346726E9	234.86041622871556
1.143096533E9	239.1475756934152
1.15084634E9	232.71199341699239
1.158596147E9	234.91911606951297
1.166345954E9	235.44627926421404
1.174095761E9	232.0208625877633
1.181845568E9	237.6231853566169
1.189595375E9	239.36243718592965
1.197345182E9	233.75051461506794
1.205094989E9	233.54851780763488
1.212844796E9	230.61055966209082
1.220594603E9	230.2227926078029
1.228236905E9	231.08499335989376
1.2321118085E9	239.2173913043478
1.236094217E9	230.3031746031746
1.243844024E9	240.46482848458533
1.251593831E9	229.70731217356368
1.259343638E9	238.22903758777366
1.267093445E9	233.31305637982197
1.274843252E9	235.52244897959184
1.282593059E9	234.30590452261308
1.290342866E9	219.8062170970168
1.298092673E9	235.23941227312014
1.30584248E9	232.91512513601742
1.313592287E9	235.26450771571396
1.321342094E9	182.6853757405675
1.329091901E9	231.0307153164296
1.336841708E9	235.04550091817995
1.344591515E9	235.6856472595436
1.352341322E9	235.68558767672505
1.360091129E9	238.22891072891073
1.367840936E9	231.8907892025551
1.375590743E9	234.29985071443804
1.38334055E9	229.67516697024894
1.389282865E9	227.26627906976745
1.3931577685E9	236.0763956904995
1.398840164E9	233.1605463502015
1.406589971E9	235.98784194528875
1.414339778E9	230.6590476190476
1.422089585E9	230.9837860602232
1.429839392E9	230.88603019349353
1.437589199E9	231.4466683557132
1.445339006E9	237.4596722706959
1.453088813E9	235.94741306191688
1.46083862E9	236.48157506843546
1.468588427E9	234.46024146544545
1.476338234E9	232.6780920916787
1.484088041E9	235.2258064516129
1.491837848E9	234.92117117117118
1.499587655E9	231.71969860064584
1.507337462E9	237.1116577540107
1.515087269E9	235.9400912106136
1.522837076E9	233.29406850459483
1.530586883E9	223.50481241406405
1.5354753495E9	225.94698620188817
1.539350253E9	230.6866225165563
1.546086497E9	238.56016156462584
1.553836304E9	236.59722796855607
1.561586111E9	239.12940679755118
1.569335918E9	232.69591496456857
1.577085725E9	237.2130376344086
1.584835532E9	185.7450980392157
1.592585339E9	0.0
1.600335146E9	249.13679081099895
1.608084953E9	235.69703670942062
1.61583476E9	110.76847161572053
1.623584567E9	234.05268573780614
1.631334374E9	232.13310783923598
1.639084181E9	234.93549051937345
1.646833988E9	229.77005559968228
1.654583795E9	230.45084388185654
1.662333602E9	230.69116763468855
1.670083409E9	226.51619870410366
1.674420971E9	235.88565488565487
1.6782958745E9	231.30595774982197
1.685583023E9	234.82935510887773
1.69333283E9	232.33678980341327
1.701082637E9	232.67968260597203
1.708832444E9	223.96119526872795
1.716582251E9	203.5555888522625
1.724332058E9	234.9606352046522
1.732081865E9	237.13141728828433
1.739831672E9	237.05538922155688
1.747581479E9	229.65936935127536
1.755331286E9	233.5723204994797
1.763081093E9	233.81946169772257
1.7708309E9	233.58843813387423
1.778580707E9	233.2271624898949
1.786330514E9	232.3130957314546
1.794080321E9	212.84018619084563
1.801830128E9	227.73564891846922
1.8071930415E9	222.60420475319927
1.811067945E9	226.29435084241823
1.817329742E9	230.49762641898866
1.825079549E9	232.52389781623404
1.832829356E9	237.64785356286774
1.840579163E9	236.2259665081662
1.84832897E9	229.95074309978767
1.856078777E9	235.0487223906453
1.863828584E9	227.13901113124516
1.871578391E9	226.9978282329714
1.879328198E9	227.4269547325103
1.887078005E9	231.55793718166385
1.894827812E9	230.21550094517957
1.902577619E9	238.68159626406282
1.910327426E9	235.7049007182087
1.918077233E9	231.64373862027108
1.92582704E9	230.4824202780049
1.933576847E9	232.69899808143253
1.940609712E9	230.9793502895996
1.9444846155E9	232.63596004439512
1.949076461E9	229.89479102326538
1.956826268E9	233.9646053702197
1.964576075E9	241.25156669650852
1.972325882E9	235.9920245398773
1.980075689E9	231.15341049002708
1.987825496E9	233.59568676716918
1.995575303E9	232.94934445768772
2.00332511E9	233.429075072584
2.011074917E9	235.95543000627745
2.018824724E9	236.36007051564565
2.026574531E9	235.2630782533506
2.034324338E9	238.10447458999798
2.042074145E9	230.75346432264737
2.049823952E9	238.5317444422191
2.057573759E9	230.05020325203253
2.065323566E9	230.81856455493184
2.073073373E9	227.0473520249221
2.0769956295E9	192.59154929577466
2.080870533E9	0.0
2.088572987E9	0.0
2.096322794E9	227.23130193905817
2.104072601E9	231.0781379883624
2.111822408E9	235.78267254038178
2.119572215E9	238.8948132780083
2.127322022E9	234.25356842989086
2.135071829E9	238.34123531970423
2.142821636E9	241.3966065747614
2.150571443E9	238.9488441780822
2.15832125E9	234.6703152364273
2.166071057E9	238.04092680814205
2.173820864E9	229.32409638554216
2.181570671E9	232.49851757729775
2.1884264425E9	222.26441136671178
2.192301346E9	0.0
2.197070285E9	0.0
2.204820092E9	217.24770642201835
2.212569899E9	235.33011869436203
2.220319706E9	231.0927276515941
2.228069513E9	235.8953636750319
2.23581932E9	239.83946784922395
2.243569127E9	237.84993747394748
2.251318934E9	237.79665220086795
2.259068741E9	230.96860441563703
2.266818548E9	228.477784419207
2.274568355E9	238.51280937907077
2.282318162E9	231.99223107569722
2.290067969E9	230.6156237049316
2.2961969505E9	231.0596399099775
2.300071854E9	0.0
2.305567583E9	0.0
2.31331739E9	233.7674418604651
2.321067197E9	229.85346592570926
2.328817004E9	233.44971623155504
2.336566811E9	232.90097205346294
2.344316618E9	236.16756982075864
2.352066425E9	233.67293000206485
2.359816232E9	231.32816958825927
2.367566039E9	231.57977948824632
2.375315846E9	231.7005926834253
2.383065653E9	233.69801239581108
2.39081546E9	232.6770134228188
2.3975662905E9	233.67971428571428
2.401441194E9	226.55494125777471
2.406315074E9	228.57556067910292
2.414064881E9	232.6177439275422
2.421814688E9	233.79355509355509
2.429564495E9	233.29421005385996
2.437314302E9	221.95912845343207
2.445064109E9	249.53472367049008
2.452813916E9	227.55201307991007
2.460563723E9	232.7874416631311
2.46831353E9	232.31574556830031
2.476063337E9	234.69913330581923
2.483813144E9	226.55956603379929
2.489234305E9	228.9226037929267
2.4931092085E9	225.34857723577235
2.499312758E9	222.1353769992384
2.507062565E9	234.06925498426023
2.514812372E9	211.97752286467215
2.522562179E9	230.11287988422575
2.530311986E9	233.69126796824716
2.538061793E9	230.70300601202405
2.5458116E9	231.11411911703456
2.553561407E9	233.81573498964804
2.561311214E9	233.32814830598764
2.569061021E9	221.02722034571826
2.573486964E9	231.29548762736536
2.5773618675E9	236.55055762081784
2.584560635E9	228.67394468704512
2.592310442E9	232.68046842325387
2.600060249E9	233.56243528680886
2.607810056E9	230.71109236609027
2.615559863E9	235.51347881899872
2.62330967E9	233.41142263759087
2.631059477E9	162.92990082869176
2.638809284E9	237.1014677728143
2.646559091E9	237.3842896464112
2.6524226415E9	225.21570182394925
2.656297545E9	228.6275832981864
2.662058705E9	227.42728365384616
2.669808512E9	227.95044861337684
2.677558319E9	234.62201257861636
2.685308126E9	231.6818950930626
2.693057933E9	225.1639170896785
2.70080774E9	229.2845247766044
2.708557547E9	230.30819942315617
2.7127306775E9	235.46560846560845
2.716605581E9	232.93640841916704
2.724057161E9	225.77618751296413
2.731806968E9	231.5379454926625
2.739556775E9	228.4092287694974
2.747306582E9	225.39719101123595
2.755056389E9	229.05364593681702
2.762806196E9	229.09834760103524
2.770556003E9	229.20941076727428
2.775951989E9	223.14909478168263
2.7798268925E9	0.0
2.786055617E9	227.49922928709057
2.793805424E9	227.23871811641595
2.801555231E9	236.0128290201283
2.809305038E9	218.35929270127914
2.817054845E9	231.0515574650913
2.8225564015E9	228.8011988011988
2.826431305E9	0.0
2.832554459E9	244.0858244937319
2.840304266E9	234.99176433322774
2.848054073E9	227.0937764606266
2.85580388E9	228.4994923857868
2.863553687E9	229.3549825513765
2.8712150565E9	229.78910849453322
2.87508996E9	208.86363636363637
2.879053301E9	236.79190497140343
2.886803108E9	237.07130942452042
2.894552915E9	234.83685737976782
2.902302722E9	236.3968082812163
2.910052529E9	238.11342540185646
2.917802336E9	232.30275229357798
2.925552143E9	229.9979802513465
2.93330195E9	236.25953936060503
2.941051757E9	234.82343784745385
2.948801564E9	238.34815473543796
2.956551371E9	221.53725570032574
2.964301178E9	176.1524380096522
2.972050985E9	239.6980713810685
2.979800792E9	220.5140090646889
2.987550599E9	236.3054818744474
2.995300406E9	234.37519658503706
3.003050213E9	237.09104606112786
3.01080002E9	233.8235294117647
3.018549827E9	239.05240373661425
3.026299634E9	231.66711349419126
3.0306084775E9	184.94
3.034483381E9	28.725103734439834
3.041799248E9	115.74318055297829
3.049549055E9	42.278481012658226
3.057298862E9	110.62962962962963
3.065048669E9	0.0
3.072798476E9	0.0
3.080548283E9	0.0
3.0863465095E9	228.07806691449815
3.088278117E9	224.97837603126356
3.088373929E9	252.7
3.0884774725E9	282.125
3.0885573295E9	236.45454545454547
3.0886546005E9	256.848087431694
3.0887081185E9	252.73333333333332
3.0887493115E9	243.37878787878788
3.088858438E9	233.75324675324674
3.088966832E9	225.26388888888889
3.089008063E9	286.15384615384613
3.089109657E9	233.0
3.089267292E9	261.2142857142857
3.08942189E9	239.62809917355372
3.089604443E9	230.5299539170507
3.089755642E9	264.77272727272725
3.0898220175E9	248.91666666666666
3.0898610755E9	229.27272727272728
3.089968525E9	241.1145038167939
3.0900764725E9	233.4
3.0901461555E9	257.14285714285717
3.090297168E9	244.62032085561498
3.090503609E9	182.70874183006535
3.0907062205E9	245.3798449612403
3.09089898E9	246.07096774193548
3.091013772E9	219.73584905660377
3.091052607E9	224.85416666666666
3.0911587895E9	250.78125
3.091267064E9	201.8
3.0915130575E9	246.2058823529412
3.0919550875E9	242.64406779661016
3.092891467E9	247.95670103092783
3.093702736E9	249.21646341463415
3.093935951E9	130.57138263665595
3.094132646E9	146.70526315789473
3.0942642985E9	216.1
3.094360447E9	244.76612903225808
3.0944711045E9	232.37410586552218
3.0946435155E9	262.0
3.094747446E9	170.23076923076923
3.0948598115E9	152.55778894472363
3.0950026905E9	177.43478260869566
3.095104297E9	261.76666666666665
3.095190977E9	218.6153846153846
3.0952465895E9	0.0
3.0952663465E9	0.0
3.095268566E9	87.5
3.0952706195E9	85.33333333333333
3.0952723265E9	0.0
3.0952838005E9	238.66666666666666
3.0952967465E9	247.5
3.095299555E9	214.5
3.0953008775E9	0.0
3.0953027375E9	217.0
3.0953043745E9	288.0
3.095311073E9	300.5
3.0953361175E9	0.0
3.095355552E9	142.0
3.0953574645E9	184.66666666666666
3.095360032E9	244.0
3.095361791E9	128.0
3.095363378E9	246.25
3.095365611E9	587.0
3.0953678415E9	185.2
3.095369933E9	310.5
3.095371677E9	269.75
3.09537289E9	0.0
3.0953743225E9	0.0
3.095375945E9	172.0
3.095572656E9	227.67950481430537
3.095769303E9	219.38152610441767
3.0957708065E9	256.1666666666667
3.0957736535E9	210.06364209199748
3.095822105E9	236.79310344827587
3.095924849E9	237.35875706214688
3.095983129E9	134.33333333333334
3.095986364E9	275.0
3.0959887305E9	275.25
3.0959909825E9	180.0
3.095993051E9	146.4
3.0959946765E9	117.0
3.096006671E9	209.23333333333332
3.0960870785E9	244.9378238341969
3.0961589785E9	316.4
3.096165879E9	276.5
3.096173123E9	285.3529411764706
3.09617898E9	253.3125
3.096183283E9	221.42857142857142
3.096185859E9	0.0
3.0961883E9	0.0
3.0961908755E9	118.0
3.096192456E9	154.0
3.096238607E9	230.12878787878788
3.0962848625E9	314.25
3.096286263E9	0.0
3.0962877625E9	320.4
3.096289947E9	284.5
3.096292208E9	272.2
3.0962965075E9	266.0
3.096315547E9	221.0
3.0963533005E9	260.1025641025641
3.09637788E9	230.92307692307693
3.096382479E9	230.0
3.0963879875E9	324.0
3.0963943185E9	269.8
3.096398918E9	442.0
3.0964033365E9	186.1818181818182
3.0964070605E9	224.05263157894737
3.0964084065E9	0.0
3.0964096105E9	0.0
3.096411644E9	216.71345029239765
3.0964135175E9	0.0
3.0964147555E9	0.0
3.0964161835E9	0.0
3.0964174105E9	154.09302325581396
3.096418484E9	161.94894146948943
3.096419946E9	0.0
3.096422275E9	155.0
3.0964254675E9	243.0
3.0964313925E9	151.5
3.0964360765E9	134.0
3.096437123E9	0.0
3.0964382945E9	0.0
3.096440137E9	136.0
3.096442099E9	0.0
3.096443439E9	175.0
3.0964449505E9	212.0
3.0964464985E9	0.0
3.0964475915E9	0.0
3.0964489705E9	0.0
3.0964506065E9	73.0
3.0964522235E9	0.0
3.0964537525E9	0.0
3.0964552355E9	0.0
3.09645655E9	0.0
3.0964580005E9	0.0
3.0964594605E9	0.0
3.096462063E9	188.0
3.0964647385E9	0.0
3.0964666345E9	0.0
3.0964687875E9	0.0
3.096470338E9	0.0
3.0964722525E9	247.0
3.096474844E9	0.0
3.0964802425E9	176.0
3.0964880595E9	350.0
3.0965833285E9	241.33532934131736
3.0967643755E9	223.98717948717947
3.0969348755E9	224.9305402425579
3.097105623E9	250.09677419354838
3.0972741855E9	246.28125
3.0973604055E9	296.04745762711866
3.097450029E9	246.14285714285714
3.0976374775E9	255.46363636363637
3.0978270425E9	226.18415417558887
3.097932224E9	253.05555555555554
3.0979864125E9	255.22857142857143
3.098119023E9	237.32258064516128
3.098265051E9	293.15625
3.098391091E9	256.5603448275862
3.0985448955E9	229.1504424778761
3.0986946915E9	240.69565217391303
3.098783935E9	0.0
3.0988292795E9	217.56410256410257
3.098880847E9	232.95652173913044
3.098919304E9	254.42857142857142
3.0989774605E9	257.3636363636364
3.099052881E9	236.53846153846155
3.0991573655E9	235.1968503937008
3.099319594E9	256.35470085470087
3.0995012675E9	170.4940594059406
3.099670145E9	238.6869918699187
3.09983663E9	224.89253393665157
