#Position (bp)	mapping quality
3874904.0	55.19491546450735
1.1624711E7	58.01426175679959
1.9374518E7	57.71405275692438
2.7124325E7	59.115050923103794
3.4874132E7	59.37377474452199
4.2623939E7	59.36850659611547
5.0373746E7	59.060258851936254
5.8123553E7	59.420741516871274
6.587336E7	59.28065277417046
7.3623167E7	59.24319318504956
8.1372974E7	58.565607035855805
8.9122781E7	59.11321911954216
9.6872588E7	59.25456520661194
1.04622395E8	58.02462258701273
1.12372202E8	59.227668285388724
1.20122009E8	25.94024632966846
1.27871816E8	16.20782571645164
1.35621623E8	0.0
1.4337143E8	11.699931352290763
1.51121237E8	53.160799617097815
1.58871044E8	58.32197566669024
1.66620851E8	59.10990873132592
1.74370658E8	59.19249516981654
1.82120465E8	59.33999148528704
1.89870272E8	59.177952351658355
1.97620079E8	59.06347239126388
2.05369886E8	58.51405921917903
2.13119693E8	59.328526679829395
2.208695E8	58.6372970835156
2.28619307E8	59.04421026603249
2.36369114E8	59.176972948471686
2.44118921E8	58.70843417672346
2.484751235E8	55.13501996506114
2.52350027E8	59.022998704164245
2.59618535E8	59.35543657753572
2.67368342E8	59.391660485237864
2.75118149E8	59.53129476299052
2.82867956E8	47.903838589535894
2.90617763E8	59.325731992645835
2.9836757E8	59.446410150647374
3.06117377E8	59.192644323911246
3.13867184E8	59.32722544139806
3.21616991E8	59.262343188958305
3.29366798E8	59.14714245252716
3.37116605E8	45.37076001403529
3.44866412E8	47.99108010416262
3.52616219E8	59.04364391034272
3.60366026E8	53.03677794665177
3.68115833E8	59.368631275214405
3.7586564E8	57.69523569233341
3.83615447E8	57.408547619204164
3.91365254E8	59.33531391669513
3.99115061E8	59.16245873128169
4.06864868E8	59.07617626184002
4.14614675E8	58.61277628381144
4.22364482E8	59.35383521816816
4.30114289E8	59.1375782865418
4.37864096E8	59.31897361801679
4.45613903E8	59.016309467426936
4.5336371E8	59.264698761909486
4.61113517E8	59.285437329208406
4.68863324E8	59.57291409180994
4.76613131E8	59.421299559793496
4.84362938E8	59.07504533918887
4.896938965E8	58.302724985507474
4.935688E8	58.95764223260485
4.99862552E8	59.382662760254696
5.07612359E8	59.30107572622335
5.15362166E8	59.22416757301472
5.23111973E8	59.23341857566667
5.3086178E8	59.09912351263241
5.38611587E8	59.33919518946647
5.46361394E8	59.22101858525704
5.54111201E8	59.416499569449776
5.61861008E8	59.45489458978918
5.69610815E8	58.106093328743256
5.77360622E8	59.18468116362231
5.85110429E8	56.39929293102311
5.92860236E8	59.2219009237694
6.00610043E8	59.09107038942126
6.0835985E8	59.076027741336254
6.16109657E8	59.388105441993574
6.23859464E8	58.93398046391831
6.31609271E8	59.06172794997736
6.39359078E8	59.35302142998842
6.47108885E8	59.08378795258359
6.54858692E8	59.29881689985052
6.62608499E8	59.42818964968258
6.70358306E8	59.26317583209989
6.78108113E8	59.44291554661151
6.857142635E8	57.69105191653943
6.89589167E8	48.227388176900554
6.93607727E8	59.02952273766095
7.01357534E8	58.48590068765121
7.09107341E8	59.293843304043826
7.16857148E8	59.50492886834043
7.24606955E8	59.391893334984175
7.32356762E8	59.26679656401202
7.40106569E8	27.43783149948637
7.47856376E8	58.72479749754578
7.55606183E8	59.07965729523538
7.6335599E8	59.076936354552366
7.71105797E8	56.8630232700649
7.78855604E8	59.03750847806373
7.86605411E8	59.130183834872305
7.94355218E8	59.080155523771516
8.02105025E8	59.097437394609756
8.09854832E8	58.70084139552035
8.17604639E8	58.92136898154704
8.25354446E8	59.42621489008467
8.33104253E8	56.58517507363949
8.4085406E8	59.30904523728816
8.48603867E8	59.26224517712712
8.56353674E8	58.94447451783865
8.64103481E8	59.29046831221414
8.71853288E8	59.04174908033483
8.776941285E8	45.69771626397196
8.81569032E8	53.070469550534455
8.87352902E8	59.40779951376717
8.95102709E8	58.34104514649056
9.02852516E8	57.525946268619734
9.10602323E8	58.12856394080991
9.1835213E8	59.263611242445
9.26101937E8	39.628005880162796
9.33851744E8	59.23338606931414
9.41601551E8	59.21872716926409
9.49351358E8	52.97621100787433
9.57101165E8	59.09171792357895
9.64850972E8	59.20047155768842
9.72600779E8	59.33423125194051
9.80350586E8	58.56821696710393
9.88100393E8	56.5917464839639
9.958502E8	59.291545654084786
1.003600007E9	59.145782680279034
1.011349814E9	59.365871667547204
1.019099621E9	59.343183241541304
1.026849428E9	59.29939954717112
1.034599235E9	59.33026993151978
1.042349042E9	59.37069689902626
1.050098849E9	59.40842110201163
1.0575860385E9	56.746679740014265
1.061460942E9	54.78817966438269
1.065598463E9	59.475243434046796
1.07334827E9	59.46921310671327
1.081098077E9	59.30737941801259
1.088847884E9	58.41020326541456
1.096597691E9	57.41223302473478
1.104347498E9	59.29360200314201
1.112097305E9	59.15102137742072
1.119847112E9	53.023387915434526
1.127596919E9	58.22285195703343
1.135346726E9	58.90103719953174
1.143096533E9	59.06995208822391
1.15084634E9	59.18235674854115
1.158596147E9	59.050578275903185
1.166345954E9	59.23527689315091
1.174095761E9	58.96079466490114
1.181845568E9	59.22147478141588
1.189595375E9	59.23632373214713
1.197345182E9	59.365783740146334
1.205094989E9	59.43386366056439
1.212844796E9	59.40244766582996
1.220594603E9	58.86231788160885
1.228236905E9	58.638735135228096
1.2321118085E9	53.53154063890012
1.236094217E9	58.46498148979806
1.243844024E9	59.231047152387546
1.251593831E9	59.073581737569185
1.259343638E9	59.411505015363815
1.267093445E9	58.87466001813237
1.274843252E9	59.11000307373944
1.282593059E9	59.204295207596765
1.290342866E9	37.86165704049566
1.298092673E9	55.270256815608064
1.30584248E9	54.44305747444045
1.313592287E9	59.308263238295055
1.321342094E9	57.14199247597272
1.329091901E9	59.03692546629353
1.336841708E9	57.560557467946666
1.344591515E9	59.10933708548049
1.352341322E9	59.107171817111876
1.360091129E9	59.31451734450235
1.367840936E9	59.36928144665799
1.375590743E9	57.06510429728939
1.38334055E9	58.09317900362051
1.389282865E9	58.82970127991065
1.3931577685E9	56.5278435045803
1.398840164E9	56.04250270934868
1.406589971E9	57.8773441223557
1.414339778E9	59.44598777550179
1.422089585E9	59.44046481275181
1.429839392E9	59.22424469952653
1.437589199E9	55.06962394272688
1.445339006E9	59.15764057166435
1.453088813E9	59.168344669311274
1.46083862E9	58.02260111022998
1.468588427E9	59.20234963403385
1.476338234E9	56.373281223900605
1.484088041E9	59.134329816696116
1.491837848E9	59.17302481916928
1.499587655E9	59.31650890512372
1.507337462E9	59.256273329709494
1.515087269E9	59.34108614786861
1.522837076E9	59.30377541369943
1.530586883E9	59.116882685733216
1.5354753495E9	58.974667489373374
1.539350253E9	57.15276865139416
1.546086497E9	59.293638066995285
1.553836304E9	59.34826009299922
1.561586111E9	59.205853646915536
1.569335918E9	59.09719797055868
1.577085725E9	38.227803684987926
1.584835532E9	9.810525531954502
1.592585339E9	0.0
1.600335146E9	25.23135366276596
1.608084953E9	57.32247682751138
1.61583476E9	49.98725870513978
1.623584567E9	59.04355973655108
1.631334374E9	58.815354308043766
1.639084181E9	59.13240308519678
1.646833988E9	59.1989793248211
1.654583795E9	59.387292588650496
1.662333602E9	59.417469988795816
1.670083409E9	59.35011898483066
1.674420971E9	55.18608672220601
1.6782958745E9	59.06800927682901
1.685583023E9	59.42693208586999
1.69333283E9	59.20296899319449
1.701082637E9	59.340773177734555
1.708832444E9	59.05541975385541
1.716582251E9	36.30192502873052
1.724332058E9	54.57346850617768
1.732081865E9	59.27051467744798
1.739831672E9	59.411035265715455
1.747581479E9	59.30358260571331
1.755331286E9	58.76991129759674
1.763081093E9	58.246740213346634
1.7708309E9	59.24651239363884
1.778580707E9	59.26752404958363
1.786330514E9	59.237250529799276
1.794080321E9	58.76043220271328
1.801830128E9	59.43752785301417
1.8071930415E9	44.420615387516854
1.811067945E9	56.78415061039078
1.817329742E9	59.141663035642715
1.825079549E9	59.260927805060206
1.832829356E9	59.00257842419938
1.840579163E9	59.27429665207399
1.84832897E9	59.030760742492696
1.856078777E9	57.89514112387519
1.863828584E9	45.97637428606694
1.871578391E9	59.0238663433815
1.879328198E9	59.05262873956392
1.887078005E9	59.33023179839847
1.894827812E9	57.96436825871633
1.902577619E9	58.93580478906852
1.910327426E9	59.09762549755504
1.918077233E9	59.33823807504527
1.92582704E9	59.43169315414489
1.933576847E9	59.30217056887635
1.940609712E9	59.341927857148605
1.9444846155E9	57.653803280639465
1.949076461E9	59.03649893202435
1.956826268E9	58.82904429288712
1.964576075E9	59.29800595455585
1.972325882E9	59.17926858267927
1.980075689E9	48.433304337761
1.987825496E9	59.24510516038723
1.995575303E9	59.12897028075833
2.00332511E9	59.140570374480504
2.011074917E9	58.86615002424275
2.018824724E9	59.339142472690895
2.026574531E9	59.29924062702359
2.034324338E9	59.362344457114474
2.042074145E9	59.10195576885055
2.049823952E9	59.435460028319454
2.057573759E9	59.48117413527578
2.065323566E9	59.37185859933738
2.073073373E9	59.0289854642891
2.0769956295E9	44.354216407219944
2.080870533E9	0.0
2.088572987E9	0.0
2.096322794E9	30.08911429443758
2.104072601E9	59.37288795011833
2.111822408E9	59.391699416423016
2.119572215E9	59.30181425404215
2.127322022E9	58.71856697952944
2.135071829E9	59.30064775160599
2.142821636E9	59.11843336141735
2.150571443E9	59.36828880255099
2.15832125E9	59.3048722087228
2.166071057E9	59.25993548312857
2.173820864E9	59.2792738444473
2.181570671E9	59.34819913655164
2.1884264425E9	56.756537785110076
2.192301346E9	0.0
2.197070285E9	0.0
2.204820092E9	38.304463005672254
2.212569899E9	52.35900634119633
2.220319706E9	58.82434203785156
2.228069513E9	58.961676969041754
2.23581932E9	58.93911658001083
2.243569127E9	59.41025391511472
2.251318934E9	59.26718269418266
2.259068741E9	59.391522728889264
2.266818548E9	59.40436283678051
2.274568355E9	59.1411210708082
2.282318162E9	59.45171095934039
2.290067969E9	59.50160415150904
2.2961969505E9	58.2458923618619
2.300071854E9	0.0
2.305567583E9	0.0
2.31331739E9	23.856802557953635
2.321067197E9	48.429388412140696
2.328817004E9	54.33209551372727
2.336566811E9	58.91458298420283
2.344316618E9	58.664703200295
2.352066425E9	59.17933958543319
2.359816232E9	59.470811785269426
2.367566039E9	59.436089438936165
2.375315846E9	58.78370833279048
2.383065653E9	57.43822172418429
2.39081546E9	59.43617693511176
2.3975662905E9	58.42862393532788
2.401441194E9	58.77072390730739
2.406315074E9	59.032457320196634
2.414064881E9	56.19379662589569
2.421814688E9	55.17728595446784
2.429564495E9	53.120061164940026
2.437314302E9	33.94468574660549
2.445064109E9	37.96309506796613
2.452813916E9	59.26020688522796
2.460563723E9	59.2839497963594
2.46831353E9	58.19915495989303
2.476063337E9	59.182830774647734
2.483813144E9	59.40379192760418
2.489234305E9	57.966159363311014
2.4931092085E9	58.44811754678668
2.499312758E9	59.139240815722246
2.507062565E9	56.90373779460223
2.514812372E9	33.585843134689604
2.522562179E9	58.969792843802935
2.530311986E9	57.597295761414784
2.538061793E9	57.71903621117929
2.5458116E9	59.322543815260836
2.553561407E9	58.478216576041646
2.561311214E9	59.37323097902791
2.569061021E9	59.38014992482125
2.573486964E9	58.09452875357245
2.5773618675E9	49.12026391074793
2.584560635E9	58.83339725980828
2.592310442E9	36.31600706490505
2.600060249E9	59.3361101840304
2.607810056E9	59.29471386854618
2.615559863E9	59.40459462180278
2.62330967E9	59.182042609610825
2.631059477E9	57.592800296839634
2.638809284E9	59.27984981432432
2.646559091E9	59.425608908997035
2.6524226415E9	57.853836604355784
2.656297545E9	58.01569854429199
2.662058705E9	58.63726407514899
2.669808512E9	59.29801896863944
2.677558319E9	57.718751105412096
2.685308126E9	59.232744490848695
2.693057933E9	58.1844157255955
2.70080774E9	58.091040427235704
2.708557547E9	58.710445618937925
2.7127306775E9	59.417271872060205
2.716605581E9	59.22466852042491
2.724057161E9	59.15228753150777
2.731806968E9	59.42785695461504
2.739556775E9	44.231952752131846
2.747306582E9	55.5389440017814
2.755056389E9	59.31662229387867
2.762806196E9	59.398745957821546
2.770556003E9	59.32044153515147
2.775951989E9	59.076519552922065
2.7798268925E9	0.0
2.786055617E9	15.904634501231
2.793805424E9	55.24235854455092
2.801555231E9	59.50381787230435
2.809305038E9	58.79328910524947
2.817054845E9	59.04889774423663
2.8225564015E9	57.79592531485057
2.826431305E9	0.0
2.832554459E9	37.262956478321286
2.840304266E9	43.703349313590195
2.848054073E9	57.16889760175749
2.85580388E9	59.25489334796057
2.863553687E9	59.235218625052816
2.8712150565E9	59.25911671919588
2.87508996E9	14.535766901293174
2.879053301E9	58.582052379988475
2.886803108E9	59.22902607198936
2.894552915E9	59.2893954083966
2.902302722E9	59.249349689240816
2.910052529E9	59.12268538713413
2.917802336E9	59.29976195886455
2.925552143E9	56.27190926162445
2.93330195E9	50.28819439376025
2.941051757E9	57.35211770335679
2.948801564E9	57.207003660490486
2.956551371E9	58.353630798961674
2.964301178E9	51.480146491604
2.972050985E9	59.15016156270979
2.979800792E9	56.61199659660194
2.987550599E9	58.58322883157952
2.995300406E9	58.647175317824654
3.003050213E9	58.95432373178373
3.01080002E9	58.5475704294795
3.018549827E9	57.642199032629804
3.026299634E9	56.94762686310358
3.0306084775E9	33.43841752323745
3.034483381E9	3.9240648692072098
3.041799248E9	21.308463945929624
3.049549055E9	6.514911586170493
3.057298862E9	14.646962502046831
3.065048669E9	0.0
3.072798476E9	0.0
3.080548283E9	0.0
3.0863465095E9	43.95805974637863
3.088278117E9	55.76132492773001
3.088373929E9	37.91244136071238
3.0884774725E9	37.63135846798324
3.0885573295E9	46.59496124031008
3.0886546005E9	17.672292930565806
3.0887081185E9	37.41547215231426
3.0887493115E9	27.814725674149024
3.088858438E9	30.14625550660793
3.088966832E9	38.3188972667295
3.089008063E9	41.063744046892175
3.089109657E9	12.809621541745342
3.089267292E9	9.795318595578674
3.08942189E9	16.85416082150272
3.089604443E9	38.39158269864547
3.089755642E9	38.53693167256138
3.0898220175E9	13.259340059994546
3.0898610755E9	20.155915622133904
3.089968525E9	34.40304126009213
3.0900764725E9	43.75900400177857
3.0901461555E9	16.40927716767743
3.090297168E9	33.36179470718311
3.090503609E9	27.40606046253391
3.0907062205E9	49.69399486106328
3.09089898E9	28.850825926824427
3.091013772E9	36.38731413933285
3.091052607E9	30.758505670446965
3.0911587895E9	32.57017204376737
3.091267064E9	36.89538043478261
3.0915130575E9	13.299125655758182
3.0919550875E9	5.332140497687734
3.092891467E9	23.51249331720082
3.093702736E9	50.41816567429228
3.093935951E9	23.573372126823198
3.094132646E9	25.947501245226633
3.0942642985E9	7.533269251308341
3.094360447E9	49.631742538852976
3.0944711045E9	14.985438582013355
3.0946435155E9	17.602122271022346
3.094747446E9	28.819706340825665
3.0948598115E9	34.73014355792815
3.0950026905E9	14.476668505239934
3.095104297E9	48.27837684449489
3.095190977E9	0.44925373134328356
3.0952465895E9	0.0
3.0952663465E9	0.0
3.095268566E9	0.0
3.0952706195E9	0.0
3.0952723265E9	0.0
3.0952838005E9	26.228816722657708
3.0952967465E9	18.0
3.095299555E9	6.0
3.0953008775E9	0.0
3.0953027375E9	32.19616204690831
3.0953043745E9	1.0
3.095311073E9	15.988235294117647
3.0953361175E9	0.0
3.095355552E9	45.0
3.0953574645E9	7.27217125382263
3.095360032E9	0.0
3.095361791E9	60.0
3.095363378E9	40.46650124069479
3.095365611E9	42.54208754208754
3.0953678415E9	18.661921708185055
3.095369933E9	55.04490500863558
3.095371677E9	45.587315377932235
3.09537289E9	0.0
3.0953743225E9	0.0
3.095375945E9	60.0
3.095572656E9	45.96815031649528
3.095769303E9	42.19949391984266
3.0957708065E9	49.54782608695652
3.0957736535E9	48.259045394961504
3.095822105E9	42.68114651949439
3.095924849E9	34.220504287781544
3.095983129E9	42.41042345276873
3.095986364E9	45.642988364972446
3.0959887305E9	50.20123747790218
3.0959909825E9	46.49407114624506
3.095993051E9	57.61953125
3.0959946765E9	53.027303754266214
3.096006671E9	39.45312863456618
3.0960870785E9	48.7832349510445
3.0961589785E9	46.52788104089219
3.096165879E9	50.27554048325562
3.096173123E9	52.93265541059095
3.09617898E9	56.22768549280177
3.096183283E9	49.180771156735105
3.096185859E9	0.0
3.0961883E9	0.0
3.0961908755E9	0.0
3.096192456E9	47.341059602649004
3.096238607E9	42.022790561336656
3.0962848625E9	16.78249787595582
3.096286263E9	0.0
3.0962877625E9	54.250629722921914
3.096289947E9	46.067796610169495
3.096292208E9	48.1
3.0962965075E9	6.333333333333333
3.096315547E9	5.602568676418123
3.0963533005E9	22.818102773671853
3.09637788E9	45.03085880640466
3.096382479E9	53.863695937090434
3.0963879875E9	0.0
3.0963943185E9	39.29859571322986
3.096398918E9	60.0
3.0964033365E9	38.3003144654088
3.0964070605E9	26.866490222026172
3.0964084065E9	0.0
3.0964096105E9	0.0
3.096411644E9	22.884487833188242
3.0964135175E9	0.0
3.0964147555E9	0.0
3.0964161835E9	0.0
3.0964174105E9	16.356018851345954
3.096418484E9	27.06555835846737
3.096419946E9	0.0
3.096422275E9	0.0
3.0964254675E9	28.333333333333332
3.0964313925E9	1.385321100917431
3.0964360765E9	44.0
3.096437123E9	0.0
3.0964382945E9	0.0
3.096440137E9	0.0
3.096442099E9	0.0
3.096443439E9	0.0
3.0964449505E9	9.40625
3.0964464985E9	0.0
3.0964475915E9	0.0
3.0964489705E9	0.0
3.0964506065E9	17.0
3.0964522235E9	0.0
3.0964537525E9	0.0
3.0964552355E9	0.0
3.09645655E9	0.0
3.0964580005E9	0.0
3.0964594605E9	0.0
3.096462063E9	0.0
3.0964647385E9	0.0
3.0964666345E9	0.0
3.0964687875E9	0.0
3.096470338E9	0.0
3.0964722525E9	0.0
3.096474844E9	0.0
3.0964802425E9	53.55163974547234
3.0964880595E9	56.5
3.0965833285E9	38.06489055238976
3.0967643755E9	49.64811591582088
3.0969348755E9	4.413548709408826
3.097105623E9	26.603820998570086
3.0972741855E9	6.82642193519148
3.0973604055E9	2.588755366706502
3.097450029E9	16.46201883701884
3.0976374775E9	32.85812154020247
3.0978270425E9	32.46460460756746
3.097932224E9	22.83921067056459
3.0979864125E9	47.0743073469798
3.098119023E9	12.740661805945036
3.098265051E9	11.833107049608355
3.098391091E9	41.22781789069817
3.0985448955E9	34.84330975270573
3.0986946915E9	35.29359992346695
3.098783935E9	0.0
3.0988292795E9	21.564177693761813
3.098880847E9	19.476853127583357
3.098919304E9	10.780233739837398
3.0989774605E9	29.229870928088506
3.099052881E9	40.96666173314586
3.0991573655E9	11.047385272145144
3.099319594E9	24.402711278578916
3.0995012675E9	25.762092945442706
3.099670145E9	39.414674971873886
3.09983663E9	51.384013231713176
