#Position (bp)	insert size
3874904.0	195.55534571398593
1.1624711E7	204.65385049047242
1.9374518E7	204.03837543971858
2.7124325E7	203.67128712871286
3.4874132E7	200.42324069923802
4.2623939E7	205.66761675071257
5.0373746E7	202.81045469273138
5.8123553E7	204.66923425464432
6.587336E7	206.93857159078007
7.3623167E7	209.45598300684446
8.1372974E7	197.39184746877055
8.9122781E7	208.8772475027747
9.6872588E7	207.2258100810081
1.04622395E8	209.86538685282142
1.12372202E8	205.50372725279544
1.20122009E8	186.7308230452675
1.27871816E8	235.15783328256677
1.35621623E8	0.0
1.4337143E8	221.7779320172475
1.51121237E8	207.13588516746412
1.58871044E8	206.0836069161742
1.66620851E8	203.00598006644518
1.74370658E8	209.57897676496873
1.82120465E8	205.1122570839214
1.89870272E8	210.3514611305427
1.97620079E8	207.72612041647804
2.05369886E8	204.72273179356836
2.13119693E8	197.34987113402062
2.208695E8	205.64241883298004
2.28619307E8	205.1545959424232
2.36369114E8	202.36413393432068
2.44118921E8	206.43856052841363
2.484751235E8	208.27689243027888
2.52350027E8	199.74552248421594
2.59618535E8	204.78540096727028
2.67368342E8	204.96022137668626
2.75118149E8	205.75995227248075
2.82867956E8	206.5861446462823
2.90617763E8	207.28830239320064
2.9836757E8	206.27385363594257
3.06117377E8	208.51862722962295
3.13867184E8	207.29532484635646
3.21616991E8	203.44670898763783
3.29366798E8	207.24026363091673
3.37116605E8	190.52008622378992
3.44866412E8	201.24599672172488
3.52616219E8	203.97057126370456
3.60366026E8	202.92080817464003
3.68115833E8	204.19802774911133
3.7586564E8	203.33904804872546
3.83615447E8	204.66996003552399
3.91365254E8	202.5606833814067
3.99115061E8	207.80793343212127
4.06864868E8	205.60828561805323
4.14614675E8	182.0457840897805
4.22364482E8	206.36825041922862
4.30114289E8	209.48160270880362
4.37864096E8	209.5918344137382
4.45613903E8	205.50091680036672
4.5336371E8	205.43416489540218
4.61113517E8	212.2813490267089
4.68863324E8	204.90577678070667
4.76613131E8	207.73884054695446
4.84362938E8	186.37531845511057
4.896938965E8	200.6986417657046
4.935688E8	207.6716960552627
4.99862552E8	206.36921335597057
5.07612359E8	208.30793685595265
5.15362166E8	203.8741766977061
5.23111973E8	171.75528477799318
5.3086178E8	203.48492937381826
5.38611587E8	203.32554093726216
5.46361394E8	199.0663834306957
5.54111201E8	206.59430645344221
5.61861008E8	205.85566090351367
5.69610815E8	207.969703745109
5.77360622E8	211.3794859647045
5.85110429E8	171.1501901701212
5.92860236E8	207.93354794205564
6.00610043E8	208.8961953435548
6.0835985E8	209.3521714608009
6.16109657E8	202.9491881144372
6.23859464E8	205.42599557522124
6.31609271E8	201.04568473224867
6.39359078E8	210.60908371935375
6.47108885E8	206.67624197363975
6.54858692E8	209.5209839123339
6.62608499E8	209.84057971014494
6.70358306E8	207.79966960352422
6.78108113E8	184.23747783687944
6.857142635E8	177.40735627650133
6.89589167E8	207.98048780487804
6.93607727E8	202.09792122538292
7.01357534E8	205.38193473193473
7.09107341E8	206.29654455102278
7.16857148E8	206.70551716059506
7.24606955E8	207.29809921186833
7.32356762E8	204.8542331828691
7.40106569E8	137.53738539361365
7.47856376E8	194.78448468589315
7.55606183E8	208.2261217759981
7.6335599E8	194.7979956154087
7.71105797E8	97.24973617802249
7.78855604E8	209.53025770823746
7.86605411E8	210.77444903581267
7.94355218E8	209.00056433408577
8.02105025E8	210.69668889140016
8.09854832E8	206.97455209403174
8.17604639E8	211.5867973547473
8.25354446E8	209.0406239087417
8.33104253E8	102.66195458025007
8.4085406E8	202.07933759064835
8.48603867E8	209.12552545539467
8.56353674E8	206.76042019654355
8.64103481E8	209.6655040111615
8.71853288E8	189.31264891743498
8.776941285E8	201.79469718922053
8.81569032E8	203.8864055771991
8.87352902E8	204.07156695156695
8.95102709E8	186.54067034539136
9.02852516E8	208.93104667609617
9.10602323E8	206.73958333333334
9.1835213E8	206.69349704411096
9.26101937E8	159.2666743595661
9.33851744E8	210.89579417293234
9.41601551E8	203.61458787614478
9.49351358E8	204.70847029077117
9.57101165E8	206.40570028946783
9.64850972E8	209.71232091690544
9.72600779E8	207.65367816091955
9.80350586E8	206.80915062809726
9.88100393E8	131.37319628385058
9.958502E8	206.83646968196325
1.003600007E9	210.0779176590677
1.011349814E9	207.41548672566373
1.019099621E9	204.82897472371155
1.026849428E9	205.56418079096045
1.034599235E9	207.05063858391216
1.042349042E9	210.95172729352552
1.050098849E9	205.16798679867986
1.0575860385E9	200.71763119176066
1.061460942E9	207.30014641288435
1.065598463E9	205.1328694871507
1.07334827E9	205.76164874551972
1.081098077E9	207.03651814423517
1.088847884E9	206.52763247668864
1.096597691E9	199.17406542056074
1.104347498E9	202.83282969997842
1.112097305E9	205.89532773871628
1.119847112E9	204.69835759113366
1.127596919E9	187.9707433061098
1.135346726E9	208.95884025014212
1.143096533E9	206.41002331002332
1.15084634E9	206.55035593418134
1.158596147E9	203.00846391398832
1.166345954E9	207.5896883852691
1.174095761E9	191.58705448586645
1.181845568E9	207.49771260997068
1.189595375E9	206.36895878773964
1.197345182E9	207.39805825242718
1.205094989E9	210.76720249797617
1.212844796E9	206.78791685701233
1.220594603E9	204.81178322464584
1.228236905E9	205.19596983266555
1.2321118085E9	196.44723618090453
1.236094217E9	200.8408640070531
1.243844024E9	208.42866972477063
1.251593831E9	194.32495829858215
1.259343638E9	205.3149128612398
1.267093445E9	207.29425208547593
1.274843252E9	205.90669394249346
1.282593059E9	210.0640880217786
1.290342866E9	174.05901702786377
1.298092673E9	206.92111929986183
1.30584248E9	206.36290513366453
1.313592287E9	207.78733340927212
1.321342094E9	123.57020484171322
1.329091901E9	205.63836017569545
1.336841708E9	207.32456613129244
1.344591515E9	207.1074851665906
1.352341322E9	209.31987611989825
1.360091129E9	208.15871404399323
1.367840936E9	202.91759964173758
1.375590743E9	205.19631684570888
1.38334055E9	202.0022251891411
1.389282865E9	200.7614833544037
1.3931577685E9	204.3414434117004
1.398840164E9	206.32895051398518
1.406589971E9	206.19256120527308
1.414339778E9	204.2773263133799
1.422089585E9	204.61291048133154
1.429839392E9	205.78307063631055
1.437589199E9	201.05731483904736
1.445339006E9	205.87279625083687
1.453088813E9	204.27661210589915
1.46083862E9	204.50575973669774
1.468588427E9	193.3534237210892
1.476338234E9	206.28309938236944
1.484088041E9	205.78738396152556
1.491837848E9	206.30198513918154
1.499587655E9	205.51821586653048
1.507337462E9	204.64509442653156
1.515087269E9	204.39243095806341
1.522837076E9	204.18583776595744
1.530586883E9	185.5004522158577
1.5354753495E9	195.9987679671458
1.539350253E9	198.66453630677182
1.546086497E9	206.93210925988893
1.553836304E9	208.3196544276458
1.561586111E9	206.5037534121929
1.569335918E9	209.6390698719389
1.577085725E9	209.59346390079963
1.584835532E9	146.26356589147287
1.592585339E9	0.0
1.600335146E9	217.27769886363637
1.608084953E9	207.23504174397033
1.61583476E9	70.2127388157114
1.623584567E9	201.47028788701792
1.631334374E9	203.7558037669733
1.639084181E9	207.63396811337466
1.646833988E9	199.9397278029812
1.654583795E9	203.3208323805168
1.662333602E9	203.9306053575195
1.670083409E9	199.9919380502811
1.674420971E9	199.8374717832957
1.6782958745E9	205.0363381359174
1.685583023E9	201.20010793308148
1.69333283E9	204.79343672735448
1.701082637E9	208.96313734497014
1.708832444E9	189.00322714969812
1.716582251E9	161.2701927431936
1.724332058E9	206.2996674467299
1.732081865E9	209.36726893676163
1.739831672E9	208.18691692581075
1.747581479E9	201.34929116684842
1.755331286E9	208.82245792022135
1.763081093E9	206.37752066115704
1.7708309E9	198.67114310270736
1.778580707E9	203.21396345589895
1.786330514E9	203.75947800652492
1.794080321E9	165.75966086568496
1.801830128E9	203.93964643621214
1.8071930415E9	198.622278207666
1.811067945E9	201.4147279369352
1.817329742E9	204.3864550494619
1.825079549E9	205.1575623268698
1.832829356E9	208.96536494653648
1.840579163E9	206.87592385218366
1.84832897E9	193.66954177897574
1.856078777E9	206.4816236334031
1.863828584E9	178.42452297617703
1.871578391E9	198.88237796447942
1.879328198E9	200.58477090429622
1.887078005E9	204.3231247225921
1.894827812E9	201.1831063268893
1.902577619E9	207.94299988645395
1.910327426E9	206.3095238095238
1.918077233E9	207.60526315789474
1.92582704E9	202.46939000220215
1.933576847E9	200.11580922941047
1.940609712E9	205.56295365717477
1.9444846155E9	203.3965317919075
1.949076461E9	204.0884170317942
1.956826268E9	205.61484687083887
1.964576075E9	208.37945173383318
1.972325882E9	203.38003922423187
1.980075689E9	197.11644951140065
1.987825496E9	206.76459143968873
1.995575303E9	203.85731666851012
2.00332511E9	206.7395694629383
2.011074917E9	207.49485803711156
2.018824724E9	193.79330388281795
2.026574531E9	207.60228189466406
2.034324338E9	210.12599573656456
2.042074145E9	206.69625751837825
2.049823952E9	204.3508810093539
2.057573759E9	204.30619253351057
2.065323566E9	202.7391918314143
2.073073373E9	200.9168384879725
2.0769956295E9	143.12435233160622
2.080870533E9	0.0
2.088572987E9	0.0
2.096322794E9	191.52090763425855
2.104072601E9	201.2354609929078
2.111822408E9	206.1298775603616
2.119572215E9	205.33413910559278
2.127322022E9	205.6187351510352
2.135071829E9	209.01183502689778
2.142821636E9	204.33899504600143
2.150571443E9	209.56903765690376
2.15832125E9	209.26187986522598
2.166071057E9	204.75562150439447
2.173820864E9	195.23818085668958
2.181570671E9	205.20621046578492
2.1884264425E9	196.99070307960488
2.192301346E9	0.0
2.197070285E9	0.0
2.204820092E9	181.3111111111111
2.212569899E9	207.1216531649046
2.220319706E9	188.7215850911325
2.228069513E9	205.60356545961002
2.23581932E9	209.84359634745962
2.243569127E9	207.43372826929465
2.251318934E9	207.04625325926764
2.259068741E9	203.05034572169404
2.266818548E9	193.9653774173425
2.274568355E9	207.3560160113021
2.282318162E9	199.99210981409425
2.290067969E9	203.6447983960793
2.2961969505E9	203.58863300232412
2.300071854E9	0.0
2.305567583E9	0.0
2.31331739E9	189.84879032258064
2.321067197E9	192.55946941783347
2.328817004E9	205.91617933723197
2.336566811E9	206.94291962821214
2.344316618E9	186.30245170037284
2.352066425E9	203.78060325847645
2.359816232E9	205.11283497884344
2.367566039E9	202.96548279689233
2.375315846E9	203.72997387897257
2.383065653E9	205.3651575931232
2.39081546E9	202.03967457929343
2.3975662905E9	205.37432075764633
2.401441194E9	197.8209825145712
2.406315074E9	201.8293918918919
2.414064881E9	201.92556373676945
2.421814688E9	206.40361027539922
2.429564495E9	204.66638604930847
2.437314302E9	192.7689488910318
2.445064109E9	221.5640446188057
2.452813916E9	201.62254464285715
2.460563723E9	205.2505183137526
2.46831353E9	204.20135045384106
2.476063337E9	206.25975512072318
2.483813144E9	203.75813279857397
2.489234305E9	199.40438695163104
2.4931092085E9	200.10178970917227
2.499312758E9	189.68136601374218
2.507062565E9	205.9836605148701
2.514812372E9	182.79700883752548
2.522562179E9	204.81267127041542
2.530311986E9	203.1605889796388
2.538061793E9	203.96935993893797
2.5458116E9	201.1945839702992
2.553561407E9	208.10907304290862
2.561311214E9	204.7272931150482
2.569061021E9	194.6166494312306
2.573486964E9	195.8972111553785
2.5773618675E9	204.37147887323943
2.584560635E9	202.532279314888
2.592310442E9	179.0918225918226
2.600060249E9	206.81038579024778
2.607810056E9	192.8248479026577
2.615559863E9	208.54772514071294
2.62330967E9	205.7213258698277
2.631059477E9	108.69563589688737
2.638809284E9	208.4953930155841
2.646559091E9	206.84242138735132
2.6524226415E9	191.51515803053107
2.656297545E9	199.17167775992655
2.662058705E9	201.58582008277062
2.669808512E9	201.43689640035117
2.677558319E9	204.5171238711876
2.685308126E9	204.09716599190284
2.693057933E9	203.67602209944752
2.70080774E9	202.73367222897556
2.708557547E9	202.0542100497963
2.7127306775E9	204.59810126582278
2.716605581E9	201.45276162790697
2.724057161E9	194.7514632560156
2.731806968E9	203.41983028137562
2.739556775E9	185.43917130601443
2.747306582E9	190.28182896778316
2.755056389E9	201.11405317417254
2.762806196E9	202.98008316918362
2.770556003E9	200.61566116166722
2.775951989E9	202.5994817160956
2.7798268925E9	0.0
2.786055617E9	187.53221555132524
2.793805424E9	208.99538250343193
2.801555231E9	210.0784750733138
2.809305038E9	179.42282007250526
2.817054845E9	202.4714383249886
2.8225564015E9	200.90337259100642
2.826431305E9	0.0
2.832554459E9	210.60193281178096
2.840304266E9	202.24259789875836
2.848054073E9	197.8899470899471
2.85580388E9	201.435565620619
2.863553687E9	204.01759014951628
2.8712150565E9	203.08408609345378
2.87508996E9	218.74603174603175
2.879053301E9	207.33243408951563
2.886803108E9	207.70754716981133
2.894552915E9	207.40704545454545
2.902302722E9	208.03981344556934
2.910052529E9	209.89429304655994
2.917802336E9	206.07666856816886
2.925552143E9	205.34487734487735
2.93330195E9	198.88259325044405
2.941051757E9	207.02343564120866
2.948801564E9	206.27488997264186
2.956551371E9	183.08609874544717
2.964301178E9	125.80262240200865
2.972050985E9	209.05715279387897
2.979800792E9	202.68521386870012
2.987550599E9	206.2734523809524
2.995300406E9	208.6567551622419
3.003050213E9	207.32872667139145
3.01080002E9	205.90499419279908
3.018549827E9	208.4940549913302
3.026299634E9	204.63276499344224
3.0306084775E9	164.7912380952381
3.034483381E9	25.43939174511224
3.041799248E9	112.91496434765851
3.049549055E9	53.41626794258373
3.057298862E9	74.90666666666667
3.065048669E9	0.0
3.072798476E9	0.0
3.080548283E9	0.0
3.0863465095E9	184.89198606271776
3.088278117E9	193.12158791076996
3.088373929E9	211.88
3.0884774725E9	219.91489361702128
3.0885573295E9	215.6172839506173
3.0886546005E9	221.5366568914956
3.0887081185E9	220.93243243243242
3.0887493115E9	217.21774193548387
3.088858438E9	206.1890243902439
3.088966832E9	223.44915254237287
3.089008063E9	224.11627906976744
3.089109657E9	212.63478260869564
3.089267292E9	186.19417475728156
3.08942189E9	227.17889908256882
3.089604443E9	206.61757105943153
3.089755642E9	212.21052631578948
3.0898220175E9	248.22222222222223
3.0898610755E9	222.3095238095238
3.089968525E9	228.09166666666667
3.0900764725E9	206.28571428571428
3.0901461555E9	194.02941176470588
3.090297168E9	211.5028901734104
3.090503609E9	157.59921841076857
3.0907062205E9	206.46774193548387
3.09089898E9	212.48056537102474
3.091013772E9	191.34126984126985
3.091052607E9	194.36111111111111
3.0911587895E9	211.26347305389223
3.091267064E9	154.33333333333334
3.0915130575E9	232.19736842105263
3.0919550875E9	213.14
3.092891467E9	219.02400960384153
3.093702736E9	211.72318339100346
3.093935951E9	122.33906313645622
3.094132646E9	157.7584541062802
3.0942642985E9	192.38532110091742
3.094360447E9	217.9494382022472
3.0944711045E9	196.95673193135121
3.0946435155E9	191.65938864628822
3.094747446E9	137.7193515704154
3.0948598115E9	132.32203389830508
3.0950026905E9	125.06787330316742
3.095104297E9	211.69387755102042
3.095190977E9	257.61290322580646
3.0952465895E9	0.0
3.0952663465E9	358.3333333333333
3.095268566E9	88.93333333333334
3.0952706195E9	171.44444444444446
3.0952723265E9	141.0
3.0952838005E9	185.85714285714286
3.0952967465E9	263.8181818181818
3.095299555E9	153.55555555555554
3.0953008775E9	133.0
3.0953027375E9	130.0
3.0953043745E9	0.0
3.095311073E9	184.85714285714286
3.0953361175E9	212.66666666666666
3.095355552E9	214.5
3.0953574645E9	207.4
3.095360032E9	265.0
3.095361791E9	0.0
3.095363378E9	305.8
3.095365611E9	326.0
3.0953678415E9	242.0
3.095369933E9	0.0
3.095371677E9	194.5
3.09537289E9	255.0
3.0953743225E9	0.0
3.095375945E9	336.0
3.095572656E9	152.63724893487523
3.095769303E9	178.10850801479654
3.0957708065E9	212.52941176470588
3.0957736535E9	165.40357072787916
3.095822105E9	213.72857142857143
3.095924849E9	206.578462880826
3.095983129E9	229.14285714285714
3.095986364E9	170.77777777777777
3.0959887305E9	229.30769230769232
3.0959909825E9	211.14285714285714
3.095993051E9	207.4375
3.0959946765E9	158.5
3.096006671E9	214.34146341463415
3.0960870785E9	220.7111801242236
3.0961589785E9	348.0
3.096165879E9	243.52631578947367
3.096173123E9	213.25
3.09617898E9	253.04347826086956
3.096183283E9	257.57142857142856
3.096185859E9	126.0
3.0961883E9	0.0
3.0961908755E9	77.0
3.096192456E9	0.0
3.096238607E9	216.55357142857142
3.0962848625E9	294.0
3.096286263E9	185.0
3.0962877625E9	222.14285714285714
3.096289947E9	122.0
3.096292208E9	152.0
3.0962965075E9	198.1818181818182
3.096315547E9	226.30769230769232
3.0963533005E9	199.8987341772152
3.09637788E9	198.1818181818182
3.096382479E9	229.63636363636363
3.0963879875E9	211.0
3.0963943185E9	197.15384615384616
3.096398918E9	165.375
3.0964033365E9	217.04
3.0964070605E9	208.4848484848485
3.0964084065E9	257.5
3.0964096105E9	0.0
3.096411644E9	159.91077441077442
3.0964135175E9	0.0
3.0964147555E9	429.0
3.0964161835E9	0.0
3.0964174105E9	136.34965034965035
3.096418484E9	151.36108887109688
3.096419946E9	195.75
3.096422275E9	143.4
3.0964254675E9	178.8
3.0964313925E9	270.72727272727275
3.0964360765E9	0.0
3.096437123E9	0.0
3.0964382945E9	168.0
3.096440137E9	383.0
3.096442099E9	304.0
3.096443439E9	321.0
3.0964449505E9	202.25
3.0964464985E9	0.0
3.0964475915E9	0.0
3.0964489705E9	0.0
3.0964506065E9	151.66666666666666
3.0964522235E9	130.33333333333334
3.0964537525E9	0.0
3.0964552355E9	239.0
3.09645655E9	0.0
3.0964580005E9	297.0
3.0964594605E9	0.0
3.096462063E9	232.5
3.0964647385E9	0.0
3.0964666345E9	0.0
3.0964687875E9	0.0
3.096470338E9	0.0
3.0964722525E9	0.0
3.096474844E9	0.0
3.0964802425E9	187.58823529411765
3.0964880595E9	229.55555555555554
3.0965833285E9	221.14117647058825
3.0967643755E9	201.46905537459284
3.0969348755E9	187.88286479250334
3.097105623E9	208.19390243902438
3.0972741855E9	201.41538461538462
3.0973604055E9	271.6758448060075
3.097450029E9	209.41666666666666
3.0976374775E9	225.736
3.0978270425E9	195.29626253418414
3.097932224E9	246.52
3.0979864125E9	228.3804347826087
3.098119023E9	166.9532710280374
3.098265051E9	230.57777777777778
3.098391091E9	232.337899543379
3.0985448955E9	213.9383886255924
3.0986946915E9	213.24065420560748
3.098783935E9	0.0
3.0988292795E9	232.89705882352942
3.098880847E9	203.12
3.098919304E9	182.53846153846155
3.0989774605E9	202.43956043956044
3.099052881E9	213.3586956521739
3.0991573655E9	207.16597510373444
3.099319594E9	227.19900497512438
3.0995012675E9	150.85466897562276
3.099670145E9	224.082995951417
3.09983663E9	192.1974333662389
